0.000000e+00	0.000000e+00	0.000000e+00
1.000500e-03	6.286326e-03	6.286323e-03
2.001001e-03	1.257262e-02	1.257262e-02
3.001501e-03	1.885885e-02	1.885885e-02
4.002001e-03	2.514499e-02	2.514498e-02
5.002501e-03	3.143101e-02	3.143100e-02
6.003002e-03	3.771687e-02	3.771685e-02
7.003502e-03	4.400255e-02	4.400252e-02
8.004002e-03	5.028800e-02	5.028798e-02
9.004502e-03	5.657321e-02	5.657318e-02
1.000500e-02	6.285814e-02	6.285811e-02
1.100550e-02	6.914276e-02	6.914273e-02
1.200600e-02	7.542704e-02	7.542700e-02
1.300650e-02	8.171094e-02	8.171090e-02
1.400700e-02	8.799444e-02	8.799440e-02
1.500750e-02	9.427751e-02	9.427746e-02
1.600800e-02	1.005601e-01	1.005601e-01
1.700850e-02	1.068422e-01	1.068422e-01
1.800900e-02	1.131238e-01	1.131237e-01
1.900950e-02	1.194048e-01	1.194047e-01
2.001001e-02	1.256852e-01	1.256852e-01
2.101051e-02	1.319650e-01	1.319650e-01
2.201101e-02	1.382442e-01	1.382441e-01
2.301151e-02	1.445227e-01	1.445226e-01
2.401201e-02	1.508004e-01	1.508004e-01
2.501251e-02	1.570774e-01	1.570774e-01
2.601301e-02	1.633537e-01	1.633536e-01
2.701351e-02	1.696291e-01	1.696290e-01
2.801401e-02	1.759037e-01	1.759036e-01
2.901451e-02	1.821774e-01	1.821774e-01
3.001501e-02	1.884503e-01	1.884502e-01
3.101551e-02	1.947222e-01	1.947221e-01
3.201601e-02	2.009931e-01	2.009930e-01
3.301651e-02	2.072630e-01	2.072629e-01
3.401701e-02	2.135320e-01	2.135319e-01
3.501751e-02	2.197998e-01	2.197997e-01
3.601801e-02	2.260666e-01	2.260665e-01
3.701851e-02	2.323323e-01	2.323322e-01
3.801901e-02	2.385968e-01	2.385967e-01
3.901951e-02	2.448602e-01	2.448600e-01
4.002001e-02	2.511223e-01	2.511222e-01
4.102051e-02	2.573832e-01	2.573831e-01
4.202101e-02	2.636428e-01	2.636427e-01
4.302151e-02	2.699011e-01	2.699010e-01
4.402201e-02	2.761581e-01	2.761580e-01
4.502251e-02	2.824138e-01	2.824136e-01
4.602301e-02	2.886680e-01	2.886679e-01
4.702351e-02	2.949208e-01	2.949207e-01
4.802401e-02	3.011722e-01	3.011721e-01
4.902451e-02	3.074221e-01	3.074219e-01
5.002501e-02	3.136704e-01	3.136703e-01
5.102551e-02	3.199173e-01	3.199171e-01
5.202601e-02	3.261625e-01	3.261623e-01
5.302651e-02	3.324061e-01	3.324060e-01
5.402701e-02	3.386481e-01	3.386480e-01
5.502751e-02	3.448884e-01	3.448883e-01
5.602801e-02	3.511271e-01	3.511269e-01
5.702851e-02	3.573640e-01	3.573638e-01
5.802901e-02	3.635991e-01	3.635989e-01
5.902951e-02	3.698325e-01	3.698323e-01
6.003002e-02	3.760640e-01	3.760638e-01
6.103052e-02	3.822936e-01	3.822935e-01
6.203102e-02	3.885214e-01	3.885212e-01
6.303152e-02	3.947473e-01	3.947471e-01
6.403202e-02	4.009712e-01	4.009710e-01
6.503252e-02	4.071932e-01	4.071930e-01
6.603302e-02	4.134131e-01	4.134129e-01
6.703352e-02	4.196311e-01	4.196309e-01
6.803402e-02	4.258469e-01	4.258467e-01
6.903452e-02	4.320607e-01	4.320605e-01
7.003502e-02	4.382723e-01	4.382721e-01
7.103552e-02	4.444818e-01	4.444816e-01
7.203602e-02	4.506891e-01	4.506889e-01
7.303652e-02	4.568941e-01	4.568939e-01
7.403702e-02	4.630970e-01	4.630967e-01
7.503752e-02	4.692975e-01	4.692973e-01
7.603802e-02	4.754958e-01	4.754955e-01
7.703852e-02	4.816917e-01	4.816914e-01
7.803902e-02	4.878852e-01	4.878850e-01
7.903952e-02	4.940763e-01	4.940761e-01
8.004002e-02	5.002650e-01	5.002648e-01
8.104052e-02	5.064513e-01	5.064510e-01
8.204102e-02	5.126351e-01	5.126348e-01
8.304152e-02	5.188163e-01	5.188160e-01
8.404202e-02	5.249950e-01	5.249947e-01
8.504252e-02	5.311711e-01	5.311709e-01
8.604302e-02	5.373446e-01	5.373444e-01
8.704352e-02	5.435155e-01	5.435152e-01
8.804402e-02	5.496837e-01	5.496834e-01
8.904452e-02	5.558492e-01	5.558489e-01
9.004502e-02	5.620120e-01	5.620117e-01
9.104552e-02	5.681720e-01	5.681717e-01
9.204602e-02	5.743292e-01	5.743290e-01
9.304652e-02	5.804836e-01	5.804834e-01
9.404702e-02	5.866352e-01	5.866349e-01
9.504752e-02	5.927839e-01	5.927836e-01
9.604802e-02	5.989297e-01	5.989294e-01
9.704852e-02	6.050725e-01	6.050723e-01
9.804902e-02	6.112124e-01	6.112121e-01
9.904952e-02	6.173493e-01	6.173490e-01
1.000500e-01	6.234832e-01	6.234829e-01
1.010505e-01	6.296140e-01	6.296137e-01
1.020510e-01	6.357417e-01	6.357414e-01
1.030515e-01	6.418663e-01	6.418660e-01
1.040520e-01	6.479878e-01	6.479875e-01
1.050525e-01	6.541061e-01	6.541058e-01
1.060530e-01	6.602212e-01	6.602209e-01
1.070535e-01	6.663331e-01	6.663327e-01
1.080540e-01	6.724417e-01	6.724413e-01
1.090545e-01	6.785470e-01	6.785466e-01
1.100550e-01	6.846490e-01	6.846486e-01
1.110555e-01	6.907476e-01	6.907473e-01
1.120560e-01	6.968429e-01	6.968425e-01
1.130565e-01	7.029347e-01	7.029344e-01
1.140570e-01	7.090232e-01	7.090228e-01
1.150575e-01	7.151081e-01	7.151078e-01
1.160580e-01	7.211896e-01	7.211893e-01
1.170585e-01	7.272675e-01	7.272672e-01
1.180590e-01	7.333419e-01	7.333416e-01
1.190595e-01	7.394128e-01	7.394124e-01
1.200600e-01	7.454800e-01	7.454796e-01
1.210605e-01	7.515435e-01	7.515432e-01
1.220610e-01	7.576034e-01	7.576031e-01
1.230615e-01	7.636596e-01	7.636593e-01
1.240620e-01	7.697121e-01	7.697117e-01
1.250625e-01	7.757608e-01	7.757604e-01
1.260630e-01	7.818058e-01	7.818054e-01
1.270635e-01	7.878469e-01	7.878465e-01
1.280640e-01	7.938842e-01	7.938838e-01
1.290645e-01	7.999176e-01	7.999172e-01
1.300650e-01	8.059471e-01	8.059467e-01
1.310655e-01	8.119727e-01	8.119723e-01
1.320660e-01	8.179944e-01	8.179940e-01
1.330665e-01	8.240120e-01	8.240116e-01
1.340670e-01	8.300257e-01	8.300253e-01
1.350675e-01	8.360353e-01	8.360349e-01
1.360680e-01	8.420408e-01	8.420404e-01
1.370685e-01	8.480423e-01	8.480419e-01
1.380690e-01	8.540396e-01	8.540392e-01
1.390695e-01	8.600328e-01	8.600324e-01
1.400700e-01	8.660218e-01	8.660214e-01
1.410705e-01	8.720066e-01	8.720061e-01
1.420710e-01	8.779871e-01	8.779867e-01
1.430715e-01	8.839634e-01	8.839630e-01
1.440720e-01	8.899354e-01	8.899349e-01
1.450725e-01	8.959030e-01	8.959026e-01
1.460730e-01	9.018664e-01	9.018659e-01
1.470735e-01	9.078253e-01	9.078249e-01
1.480740e-01	9.137799e-01	9.137794e-01
1.490745e-01	9.197300e-01	9.197295e-01
1.500750e-01	9.256756e-01	9.256752e-01
1.510755e-01	9.316168e-01	9.316163e-01
1.520760e-01	9.375534e-01	9.375530e-01
1.530765e-01	9.434855e-01	9.434851e-01
1.540770e-01	9.494131e-01	9.494126e-01
1.550775e-01	9.553360e-01	9.553355e-01
1.560780e-01	9.612543e-01	9.612538e-01
1.570785e-01	9.671680e-01	9.671675e-01
1.580790e-01	9.730769e-01	9.730765e-01
1.590795e-01	9.789812e-01	9.789808e-01
1.600800e-01	9.848808e-01	9.848803e-01
1.610805e-01	9.907755e-01	9.907751e-01
1.620810e-01	9.966655e-01	9.966650e-01
1.630815e-01	1.002551e+00	1.002550e+00
1.640820e-01	1.008431e+00	1.008431e+00
1.650825e-01	1.014306e+00	1.014306e+00
1.660830e-01	1.020177e+00	1.020177e+00
1.670835e-01	1.026043e+00	1.026042e+00
1.680840e-01	1.031903e+00	1.031903e+00
1.690845e-01	1.037759e+00	1.037759e+00
1.700850e-01	1.043610e+00	1.043609e+00
1.710855e-01	1.049455e+00	1.049455e+00
1.720860e-01	1.055296e+00	1.055296e+00
1.730865e-01	1.061132e+00	1.061131e+00
1.740870e-01	1.066962e+00	1.066962e+00
1.750875e-01	1.072787e+00	1.072787e+00
1.760880e-01	1.078607e+00	1.078607e+00
1.770885e-01	1.084422e+00	1.084422e+00
1.780890e-01	1.090232e+00	1.090232e+00
1.790895e-01	1.096037e+00	1.096036e+00
1.800900e-01	1.101836e+00	1.101835e+00
1.810905e-01	1.107630e+00	1.107629e+00
1.820910e-01	1.113418e+00	1.113418e+00
1.830915e-01	1.119201e+00	1.119201e+00
1.840920e-01	1.124979e+00	1.124979e+00
1.850925e-01	1.130752e+00	1.130751e+00
1.860930e-01	1.136519e+00	1.136518e+00
1.870935e-01	1.142280e+00	1.142280e+00
1.880940e-01	1.148036e+00	1.148036e+00
1.890945e-01	1.153787e+00	1.153786e+00
1.900950e-01	1.159532e+00	1.159532e+00
1.910955e-01	1.165272e+00	1.165271e+00
1.920960e-01	1.171006e+00	1.171005e+00
1.930965e-01	1.176734e+00	1.176733e+00
1.940970e-01	1.182457e+00	1.182456e+00
1.950975e-01	1.188174e+00	1.188173e+00
1.960980e-01	1.193885e+00	1.193884e+00
1.970985e-01	1.199591e+00	1.199590e+00
1.980990e-01	1.205290e+00	1.205290e+00
1.990995e-01	1.210985e+00	1.210984e+00
2.001001e-01	1.216673e+00	1.216672e+00
2.011006e-01	1.222355e+00	1.222355e+00
2.021011e-01	1.228032e+00	1.228032e+00
2.031016e-01	1.233703e+00	1.233702e+00
2.041021e-01	1.239368e+00	1.239367e+00
2.051026e-01	1.245027e+00	1.245027e+00
2.061031e-01	1.250680e+00	1.250680e+00
2.071036e-01	1.256327e+00	1.256327e+00
2.081041e-01	1.261969e+00	1.261968e+00
2.091046e-01	1.267604e+00	1.267603e+00
2.101051e-01	1.273233e+00	1.273232e+00
2.111056e-01	1.278856e+00	1.278855e+00
2.121061e-01	1.284473e+00	1.284472e+00
2.131066e-01	1.290084e+00	1.290083e+00
2.141071e-01	1.295689e+00	1.295688e+00
2.151076e-01	1.301287e+00	1.301287e+00
2.161081e-01	1.306880e+00	1.306879e+00
2.171086e-01	1.312466e+00	1.312465e+00
2.181091e-01	1.318046e+00	1.318045e+00
2.191096e-01	1.323620e+00	1.323619e+00
2.201101e-01	1.329187e+00	1.329186e+00
2.211106e-01	1.334748e+00	1.334748e+00
2.221111e-01	1.340303e+00	1.340302e+00
2.231116e-01	1.345852e+00	1.345851e+00
2.241121e-01	1.351394e+00	1.351393e+00
2.251126e-01	1.356929e+00	1.356929e+00
2.261131e-01	1.362459e+00	1.362458e+00
2.271136e-01	1.367982e+00	1.367981e+00
2.281141e-01	1.373498e+00	1.373497e+00
2.291146e-01	1.379008e+00	1.379007e+00
2.301151e-01	1.384511e+00	1.384511e+00
2.311156e-01	1.390008e+00	1.390008e+00
2.321161e-01	1.395499e+00	1.395498e+00
2.331166e-01	1.400982e+00	1.400982e+00
2.341171e-01	1.406459e+00	1.406459e+00
2.351176e-01	1.411930e+00	1.411929e+00
2.361181e-01	1.417394e+00	1.417393e+00
2.371186e-01	1.422851e+00	1.422850e+00
2.381191e-01	1.428301e+00	1.428301e+00
2.391196e-01	1.433745e+00	1.433744e+00
2.401201e-01	1.439182e+00	1.439181e+00
2.411206e-01	1.444612e+00	1.444612e+00
2.421211e-01	1.450036e+00	1.450035e+00
2.431216e-01	1.455452e+00	1.455452e+00
2.441221e-01	1.460862e+00	1.460862e+00
2.451226e-01	1.466265e+00	1.466264e+00
2.461231e-01	1.471661e+00	1.471661e+00
2.471236e-01	1.477050e+00	1.477050e+00
2.481241e-01	1.482433e+00	1.482432e+00
2.491246e-01	1.487808e+00	1.487807e+00
2.501251e-01	1.493176e+00	1.493176e+00
2.511256e-01	1.498538e+00	1.498537e+00
2.521261e-01	1.503892e+00	1.503891e+00
2.531266e-01	1.509239e+00	1.509239e+00
2.541271e-01	1.514580e+00	1.514579e+00
2.551276e-01	1.519913e+00	1.519912e+00
2.561281e-01	1.525239e+00	1.525238e+00
2.571286e-01	1.530558e+00	1.530557e+00
2.581291e-01	1.535870e+00	1.535869e+00
2.591296e-01	1.541174e+00	1.541174e+00
2.601301e-01	1.546472e+00	1.546471e+00
2.611306e-01	1.551762e+00	1.551761e+00
2.621311e-01	1.557045e+00	1.557044e+00
2.631316e-01	1.562321e+00	1.562320e+00
2.641321e-01	1.567589e+00	1.567589e+00
2.651326e-01	1.572851e+00	1.572850e+00
2.661331e-01	1.578105e+00	1.578104e+00
2.671336e-01	1.583351e+00	1.583350e+00
2.681341e-01	1.588590e+00	1.588590e+00
2.691346e-01	1.593822e+00	1.593821e+00
2.701351e-01	1.599047e+00	1.599046e+00
2.711356e-01	1.604264e+00	1.604263e+00
2.721361e-01	1.609473e+00	1.609473e+00
2.731366e-01	1.614676e+00	1.614675e+00
2.741371e-01	1.619870e+00	1.619870e+00
2.751376e-01	1.625058e+00	1.625057e+00
2.761381e-01	1.630237e+00	1.630236e+00
2.771386e-01	1.635409e+00	1.635409e+00
2.781391e-01	1.640574e+00	1.640573e+00
2.791396e-01	1.645731e+00	1.645730e+00
2.801401e-01	1.650880e+00	1.650880e+00
2.811406e-01	1.656022e+00	1.656021e+00
2.821411e-01	1.661156e+00	1.661156e+00
2.831416e-01	1.666283e+00	1.666282e+00
2.841421e-01	1.671402e+00	1.671401e+00
2.851426e-01	1.676513e+00	1.676512e+00
2.861431e-01	1.681616e+00	1.681616e+00
2.871436e-01	1.686712e+00	1.686711e+00
2.881441e-01	1.691800e+00	1.691799e+00
2.891446e-01	1.696880e+00	1.696879e+00
2.901451e-01	1.701953e+00	1.701952e+00
2.911456e-01	1.707017e+00	1.707016e+00
2.921461e-01	1.712074e+00	1.712073e+00
2.931466e-01	1.717123e+00	1.717122e+00
2.941471e-01	1.722164e+00	1.722163e+00
2.951476e-01	1.727197e+00	1.727196e+00
2.961481e-01	1.732222e+00	1.732222e+00
2.971486e-01	1.737240e+00	1.737239e+00
2.981491e-01	1.742249e+00	1.742248e+00
2.991496e-01	1.747251e+00	1.747250e+00
3.001501e-01	1.752244e+00	1.752243e+00
3.011506e-01	1.757230e+00	1.757229e+00
3.021511e-01	1.762207e+00	1.762206e+00
3.031516e-01	1.767176e+00	1.767176e+00
3.041521e-01	1.772138e+00	1.772137e+00
3.051526e-01	1.777091e+00	1.777090e+00
3.061531e-01	1.782036e+00	1.782036e+00
3.071536e-01	1.786974e+00	1.786973e+00
3.081541e-01	1.791903e+00	1.791902e+00
3.091546e-01	1.796823e+00	1.796823e+00
3.101551e-01	1.801736e+00	1.801735e+00
3.111556e-01	1.806641e+00	1.806640e+00
3.121561e-01	1.811537e+00	1.811536e+00
3.131566e-01	1.816425e+00	1.816424e+00
3.141571e-01	1.821305e+00	1.821304e+00
3.151576e-01	1.826177e+00	1.826176e+00
3.161581e-01	1.831040e+00	1.831039e+00
3.171586e-01	1.835895e+00	1.835894e+00
3.181591e-01	1.840742e+00	1.840741e+00
3.191596e-01	1.845581e+00	1.845580e+00
3.201601e-01	1.850411e+00	1.850410e+00
3.211606e-01	1.855233e+00	1.855232e+00
3.221611e-01	1.860046e+00	1.860045e+00
3.231616e-01	1.864851e+00	1.864850e+00
3.241621e-01	1.869648e+00	1.869647e+00
3.251626e-01	1.874436e+00	1.874435e+00
3.261631e-01	1.879216e+00	1.879215e+00
3.271636e-01	1.883987e+00	1.883987e+00
3.281641e-01	1.888750e+00	1.888750e+00
3.291646e-01	1.893505e+00	1.893504e+00
3.301651e-01	1.898251e+00	1.898250e+00
3.311656e-01	1.902988e+00	1.902988e+00
3.321661e-01	1.907717e+00	1.907717e+00
3.331666e-01	1.912438e+00	1.912437e+00
3.341671e-01	1.917150e+00	1.917149e+00
3.351676e-01	1.921853e+00	1.921852e+00
3.361681e-01	1.926548e+00	1.926547e+00
3.371686e-01	1.931234e+00	1.931233e+00
3.381691e-01	1.935912e+00	1.935911e+00
3.391696e-01	1.940580e+00	1.940580e+00
3.401701e-01	1.945241e+00	1.945240e+00
3.411706e-01	1.949892e+00	1.949891e+00
3.421711e-01	1.954535e+00	1.954534e+00
3.431716e-01	1.959169e+00	1.959169e+00
3.441721e-01	1.963795e+00	1.963794e+00
3.451726e-01	1.968412e+00	1.968411e+00
3.461731e-01	1.973020e+00	1.973019e+00
3.471736e-01	1.977619e+00	1.977618e+00
3.481741e-01	1.982210e+00	1.982209e+00
3.491746e-01	1.986792e+00	1.986791e+00
3.501751e-01	1.991365e+00	1.991364e+00
3.511756e-01	1.995929e+00	1.995928e+00
3.521761e-01	2.000484e+00	2.000483e+00
3.531766e-01	2.005031e+00	2.005030e+00
3.541771e-01	2.009568e+00	2.009567e+00
3.551776e-01	2.014097e+00	2.014096e+00
3.561781e-01	2.018617e+00	2.018616e+00
3.571786e-01	2.023128e+00	2.023127e+00
3.581791e-01	2.027630e+00	2.027629e+00
3.591796e-01	2.032124e+00	2.032123e+00
3.601801e-01	2.036608e+00	2.036607e+00
3.611806e-01	2.041083e+00	2.041082e+00
3.621811e-01	2.045550e+00	2.045549e+00
3.631816e-01	2.050007e+00	2.050006e+00
3.641821e-01	2.054456e+00	2.054455e+00
3.651826e-01	2.058895e+00	2.058894e+00
3.661831e-01	2.063326e+00	2.063325e+00
3.671836e-01	2.067747e+00	2.067746e+00
3.681841e-01	2.072159e+00	2.072158e+00
3.691846e-01	2.076563e+00	2.076562e+00
3.701851e-01	2.080957e+00	2.080956e+00
3.711856e-01	2.085342e+00	2.085341e+00
3.721861e-01	2.089719e+00	2.089718e+00
3.731866e-01	2.094086e+00	2.094085e+00
3.741871e-01	2.098444e+00	2.098443e+00
3.751876e-01	2.102792e+00	2.102791e+00
3.761881e-01	2.107132e+00	2.107131e+00
3.771886e-01	2.111463e+00	2.111462e+00
3.781891e-01	2.115784e+00	2.115783e+00
3.791896e-01	2.120096e+00	2.120095e+00
3.801901e-01	2.124400e+00	2.124399e+00
3.811906e-01	2.128693e+00	2.128692e+00
3.821911e-01	2.132978e+00	2.132977e+00
3.831916e-01	2.137254e+00	2.137253e+00
3.841921e-01	2.141520e+00	2.141519e+00
3.851926e-01	2.145777e+00	2.145776e+00
3.861931e-01	2.150025e+00	2.150024e+00
3.871936e-01	2.154263e+00	2.154262e+00
3.881941e-01	2.158493e+00	2.158492e+00
3.891946e-01	2.162713e+00	2.162712e+00
3.901951e-01	2.166923e+00	2.166922e+00
3.911956e-01	2.171125e+00	2.171124e+00
3.921961e-01	2.175317e+00	2.175316e+00
3.931966e-01	2.179500e+00	2.179499e+00
3.941971e-01	2.183673e+00	2.183672e+00
3.951976e-01	2.187837e+00	2.187836e+00
3.961981e-01	2.191992e+00	2.191991e+00
3.971986e-01	2.196137e+00	2.196136e+00
3.981991e-01	2.200273e+00	2.200272e+00
3.991996e-01	2.204400e+00	2.204399e+00
4.002001e-01	2.208517e+00	2.208516e+00
4.012006e-01	2.212625e+00	2.212624e+00
4.022011e-01	2.216724e+00	2.216723e+00
4.032016e-01	2.220813e+00	2.220812e+00
4.042021e-01	2.224892e+00	2.224891e+00
4.052026e-01	2.228962e+00	2.228961e+00
4.062031e-01	2.233023e+00	2.233022e+00
4.072036e-01	2.237075e+00	2.237074e+00
4.082041e-01	2.241116e+00	2.241115e+00
4.092046e-01	2.245149e+00	2.245148e+00
4.102051e-01	2.249172e+00	2.249171e+00
4.112056e-01	2.253185e+00	2.253184e+00
4.122061e-01	2.257189e+00	2.257188e+00
4.132066e-01	2.261183e+00	2.261182e+00
4.142071e-01	2.265168e+00	2.265167e+00
4.152076e-01	2.269143e+00	2.269142e+00
4.162081e-01	2.273109e+00	2.273108e+00
4.172086e-01	2.277066e+00	2.277065e+00
4.182091e-01	2.281012e+00	2.281011e+00
4.192096e-01	2.284949e+00	2.284948e+00
4.202101e-01	2.288877e+00	2.288876e+00
4.212106e-01	2.292795e+00	2.292794e+00
4.222111e-01	2.296704e+00	2.296703e+00
4.232116e-01	2.300602e+00	2.300601e+00
4.242121e-01	2.304492e+00	2.304491e+00
4.252126e-01	2.308371e+00	2.308370e+00
4.262131e-01	2.312242e+00	2.312241e+00
4.272136e-01	2.316102e+00	2.316101e+00
4.282141e-01	2.319953e+00	2.319952e+00
4.292146e-01	2.323794e+00	2.323793e+00
4.302151e-01	2.327626e+00	2.327625e+00
4.312156e-01	2.331448e+00	2.331447e+00
4.322161e-01	2.335260e+00	2.335259e+00
4.332166e-01	2.339062e+00	2.339061e+00
4.342171e-01	2.342855e+00	2.342854e+00
4.352176e-01	2.346639e+00	2.346638e+00
4.362181e-01	2.350412e+00	2.350411e+00
4.372186e-01	2.354176e+00	2.354175e+00
4.382191e-01	2.357930e+00	2.357929e+00
4.392196e-01	2.361675e+00	2.361674e+00
4.402201e-01	2.365410e+00	2.365409e+00
4.412206e-01	2.369135e+00	2.369134e+00
4.422211e-01	2.372850e+00	2.372849e+00
4.432216e-01	2.376556e+00	2.376555e+00
4.442221e-01	2.380252e+00	2.380251e+00
4.452226e-01	2.383938e+00	2.383937e+00
4.462231e-01	2.387615e+00	2.387614e+00
4.472236e-01	2.391282e+00	2.391281e+00
4.482241e-01	2.394939e+00	2.394938e+00
4.492246e-01	2.398586e+00	2.398585e+00
4.502251e-01	2.402224e+00	2.402223e+00
4.512256e-01	2.405851e+00	2.405850e+00
4.522261e-01	2.409470e+00	2.409468e+00
4.532266e-01	2.413078e+00	2.413077e+00
4.542271e-01	2.416676e+00	2.416675e+00
4.552276e-01	2.420265e+00	2.420264e+00
4.562281e-01	2.423844e+00	2.423843e+00
4.572286e-01	2.427413e+00	2.427412e+00
4.582291e-01	2.430972e+00	2.430971e+00
4.592296e-01	2.434522e+00	2.434521e+00
4.602301e-01	2.438062e+00	2.438061e+00
4.612306e-01	2.441592e+00	2.441591e+00
4.622311e-01	2.445112e+00	2.445111e+00
4.632316e-01	2.448622e+00	2.448621e+00
4.642321e-01	2.452123e+00	2.452122e+00
4.652326e-01	2.455613e+00	2.455612e+00
4.662331e-01	2.459094e+00	2.459093e+00
4.672336e-01	2.462565e+00	2.462564e+00
4.682341e-01	2.466027e+00	2.466025e+00
4.692346e-01	2.469478e+00	2.469477e+00
4.702351e-01	2.472919e+00	2.472918e+00
4.712356e-01	2.476351e+00	2.476350e+00
4.722361e-01	2.479773e+00	2.479772e+00
4.732366e-01	2.483185e+00	2.483184e+00
4.742371e-01	2.486587e+00	2.486586e+00
4.752376e-01	2.489980e+00	2.489979e+00
4.762381e-01	2.493362e+00	2.493361e+00
4.772386e-01	2.496735e+00	2.496734e+00
4.782391e-01	2.500098e+00	2.500097e+00
4.792396e-01	2.503451e+00	2.503450e+00
4.802401e-01	2.506794e+00	2.506793e+00
4.812406e-01	2.510127e+00	2.510126e+00
4.822411e-01	2.513450e+00	2.513449e+00
4.832416e-01	2.516764e+00	2.516763e+00
4.842421e-01	2.520067e+00	2.520066e+00
4.852426e-01	2.523361e+00	2.523360e+00
4.862431e-01	2.526645e+00	2.526644e+00
4.872436e-01	2.529919e+00	2.529918e+00
4.882441e-01	2.533183e+00	2.533182e+00
4.892446e-01	2.536438e+00	2.536437e+00
4.902451e-01	2.539682e+00	2.539681e+00
4.912456e-01	2.542917e+00	2.542915e+00
4.922461e-01	2.546141e+00	2.546140e+00
4.932466e-01	2.549356e+00	2.549355e+00
4.942471e-01	2.552561e+00	2.552560e+00
4.952476e-01	2.555756e+00	2.555755e+00
4.962481e-01	2.558941e+00	2.558940e+00
4.972486e-01	2.562116e+00	2.562115e+00
4.982491e-01	2.565282e+00	2.565281e+00
4.992496e-01	2.568437e+00	2.568436e+00
5.002501e-01	2.571583e+00	2.571582e+00
5.012506e-01	2.574719e+00	2.574718e+00
5.022511e-01	2.577845e+00	2.577843e+00
5.032516e-01	2.580961e+00	2.580959e+00
5.042521e-01	2.584067e+00	2.584066e+00
5.052526e-01	2.587163e+00	2.587162e+00
5.062531e-01	2.590249e+00	2.590248e+00
5.072536e-01	2.593326e+00	2.593325e+00
5.082541e-01	2.596392e+00	2.596391e+00
5.092546e-01	2.599449e+00	2.599448e+00
5.102551e-01	2.602496e+00	2.602495e+00
5.112556e-01	2.605533e+00	2.605532e+00
5.122561e-01	2.608560e+00	2.608559e+00
5.132566e-01	2.611577e+00	2.611576e+00
5.142571e-01	2.614585e+00	2.614584e+00
5.152576e-01	2.617582e+00	2.617581e+00
5.162581e-01	2.620570e+00	2.620569e+00
5.172586e-01	2.623548e+00	2.623546e+00
5.182591e-01	2.626515e+00	2.626514e+00
5.192596e-01	2.629473e+00	2.629472e+00
5.202601e-01	2.632422e+00	2.632420e+00
5.212606e-01	2.635360e+00	2.635359e+00
5.222611e-01	2.638288e+00	2.638287e+00
5.232616e-01	2.641207e+00	2.641206e+00
5.242621e-01	2.644116e+00	2.644115e+00
5.252626e-01	2.647015e+00	2.647013e+00
5.262631e-01	2.649904e+00	2.649903e+00
5.272636e-01	2.652783e+00	2.652782e+00
5.282641e-01	2.655652e+00	2.655651e+00
5.292646e-01	2.658512e+00	2.658511e+00
5.302651e-01	2.661361e+00	2.661360e+00
5.312656e-01	2.664201e+00	2.664200e+00
5.322661e-01	2.667031e+00	2.667030e+00
5.332666e-01	2.669851e+00	2.669850e+00
5.342671e-01	2.672662e+00	2.672661e+00
5.352676e-01	2.675462e+00	2.675461e+00
5.362681e-01	2.678253e+00	2.678252e+00
5.372686e-01	2.681034e+00	2.681033e+00
5.382691e-01	2.683805e+00	2.683804e+00
5.392696e-01	2.686566e+00	2.686565e+00
5.402701e-01	2.689318e+00	2.689317e+00
5.412706e-01	2.692059e+00	2.692058e+00
5.422711e-01	2.694791e+00	2.694790e+00
5.432716e-01	2.697513e+00	2.697512e+00
5.442721e-01	2.700226e+00	2.700225e+00
5.452726e-01	2.702928e+00	2.702927e+00
5.462731e-01	2.705621e+00	2.705620e+00
5.472736e-01	2.708304e+00	2.708303e+00
5.482741e-01	2.710977e+00	2.710976e+00
5.492746e-01	2.713641e+00	2.713639e+00
5.502751e-01	2.716294e+00	2.716293e+00
5.512756e-01	2.718938e+00	2.718937e+00
5.522761e-01	2.721572e+00	2.721571e+00
5.532766e-01	2.724197e+00	2.724196e+00
5.542771e-01	2.726811e+00	2.726810e+00
5.552776e-01	2.729416e+00	2.729415e+00
5.562781e-01	2.732011e+00	2.732010e+00
5.572786e-01	2.734597e+00	2.734596e+00
5.582791e-01	2.737173e+00	2.737172e+00
5.592796e-01	2.739739e+00	2.739738e+00
5.602801e-01	2.742295e+00	2.742294e+00
5.612806e-01	2.744842e+00	2.744841e+00
5.622811e-01	2.747379e+00	2.747377e+00
5.632816e-01	2.749906e+00	2.749905e+00
5.642821e-01	2.752423e+00	2.752422e+00
5.652826e-01	2.754931e+00	2.754930e+00
5.662831e-01	2.757429e+00	2.757428e+00
5.672836e-01	2.759918e+00	2.759917e+00
5.682841e-01	2.762397e+00	2.762396e+00
5.692846e-01	2.764866e+00	2.764865e+00
5.702851e-01	2.767326e+00	2.767325e+00
5.712856e-01	2.769776e+00	2.769775e+00
5.722861e-01	2.772216e+00	2.772215e+00
5.732866e-01	2.774647e+00	2.774645e+00
5.742871e-01	2.777068e+00	2.777067e+00
5.752876e-01	2.779479e+00	2.779478e+00
5.762881e-01	2.781881e+00	2.781880e+00
5.772886e-01	2.784273e+00	2.784272e+00
5.782891e-01	2.786656e+00	2.786655e+00
5.792896e-01	2.789029e+00	2.789028e+00
5.802901e-01	2.791392e+00	2.791391e+00
5.812906e-01	2.793746e+00	2.793745e+00
5.822911e-01	2.796091e+00	2.796090e+00
5.832916e-01	2.798426e+00	2.798424e+00
5.842921e-01	2.800751e+00	2.800750e+00
5.852926e-01	2.803067e+00	2.803065e+00
5.862931e-01	2.805373e+00	2.805372e+00
5.872936e-01	2.807670e+00	2.807668e+00
5.882941e-01	2.809957e+00	2.809956e+00
5.892946e-01	2.812234e+00	2.812233e+00
5.902951e-01	2.814503e+00	2.814501e+00
5.912956e-01	2.816761e+00	2.816760e+00
5.922961e-01	2.819011e+00	2.819009e+00
5.932966e-01	2.821250e+00	2.821249e+00
5.942971e-01	2.823481e+00	2.823480e+00
5.952976e-01	2.825702e+00	2.825700e+00
5.962981e-01	2.827913e+00	2.827912e+00
5.972986e-01	2.830115e+00	2.830114e+00
5.982991e-01	2.832307e+00	2.832306e+00
5.992996e-01	2.834491e+00	2.834489e+00
6.003002e-01	2.836664e+00	2.836663e+00
6.013007e-01	2.838829e+00	2.838828e+00
6.023012e-01	2.840984e+00	2.840983e+00
6.033017e-01	2.843129e+00	2.843128e+00
6.043022e-01	2.845266e+00	2.845264e+00
6.053027e-01	2.847392e+00	2.847391e+00
6.063032e-01	2.849510e+00	2.849509e+00
6.073037e-01	2.851618e+00	2.851617e+00
6.083042e-01	2.853717e+00	2.853716e+00
6.093047e-01	2.855807e+00	2.855806e+00
6.103052e-01	2.857887e+00	2.857886e+00
6.113057e-01	2.859958e+00	2.859957e+00
6.123062e-01	2.862020e+00	2.862018e+00
6.133067e-01	2.864072e+00	2.864071e+00
6.143072e-01	2.866115e+00	2.866114e+00
6.153077e-01	2.868149e+00	2.868148e+00
6.163082e-01	2.870174e+00	2.870173e+00
6.173087e-01	2.872189e+00	2.872188e+00
6.183092e-01	2.874195e+00	2.874194e+00
6.193097e-01	2.876192e+00	2.876191e+00
6.203102e-01	2.878180e+00	2.878179e+00
6.213107e-01	2.880159e+00	2.880158e+00
6.223112e-01	2.882128e+00	2.882127e+00
6.233117e-01	2.884089e+00	2.884088e+00
6.243122e-01	2.886040e+00	2.886039e+00
6.253127e-01	2.887982e+00	2.887981e+00
6.263132e-01	2.889915e+00	2.889914e+00
6.273137e-01	2.891839e+00	2.891838e+00
6.283142e-01	2.893753e+00	2.893752e+00
6.293147e-01	2.895659e+00	2.895658e+00
6.303152e-01	2.897556e+00	2.897554e+00
6.313157e-01	2.899443e+00	2.899442e+00
6.323162e-01	2.901321e+00	2.901320e+00
6.333167e-01	2.903191e+00	2.903190e+00
6.343172e-01	2.905051e+00	2.905050e+00
6.353177e-01	2.906903e+00	2.906901e+00
6.363182e-01	2.908745e+00	2.908744e+00
6.373187e-01	2.910578e+00	2.910577e+00
6.383192e-01	2.912403e+00	2.912402e+00
6.393197e-01	2.914218e+00	2.914217e+00
6.403202e-01	2.916025e+00	2.916023e+00
6.413207e-01	2.917822e+00	2.917821e+00
6.423212e-01	2.919611e+00	2.919610e+00
6.433217e-01	2.921390e+00	2.921389e+00
6.443222e-01	2.923161e+00	2.923160e+00
6.453227e-01	2.924923e+00	2.924922e+00
6.463232e-01	2.926676e+00	2.926675e+00
6.473237e-01	2.928421e+00	2.928419e+00
6.483242e-01	2.930156e+00	2.930155e+00
6.493247e-01	2.931882e+00	2.931881e+00
6.503252e-01	2.933600e+00	2.933599e+00
6.513257e-01	2.935309e+00	2.935308e+00
6.523262e-01	2.937009e+00	2.937008e+00
6.533267e-01	2.938701e+00	2.938700e+00
6.543272e-01	2.940383e+00	2.940382e+00
6.553277e-01	2.942057e+00	2.942056e+00
6.563282e-01	2.943722e+00	2.943721e+00
6.573287e-01	2.945379e+00	2.945378e+00
6.583292e-01	2.947027e+00	2.947025e+00
6.593297e-01	2.948666e+00	2.948665e+00
6.603302e-01	2.950296e+00	2.950295e+00
6.613307e-01	2.951918e+00	2.951917e+00
6.623312e-01	2.953531e+00	2.953530e+00
6.633317e-01	2.955135e+00	2.955134e+00
6.643322e-01	2.956731e+00	2.956730e+00
6.653327e-01	2.958319e+00	2.958317e+00
6.663332e-01	2.959897e+00	2.959896e+00
6.673337e-01	2.961467e+00	2.961466e+00
6.683342e-01	2.963029e+00	2.963028e+00
6.693347e-01	2.964582e+00	2.964581e+00
6.703352e-01	2.966127e+00	2.966126e+00
6.713357e-01	2.967663e+00	2.967662e+00
6.723362e-01	2.969190e+00	2.969189e+00
6.733367e-01	2.970709e+00	2.970708e+00
6.743372e-01	2.972220e+00	2.972219e+00
6.753377e-01	2.973722e+00	2.973721e+00
6.763382e-01	2.975216e+00	2.975215e+00
6.773387e-01	2.976702e+00	2.976701e+00
6.783392e-01	2.978179e+00	2.978178e+00
6.793397e-01	2.979647e+00	2.979646e+00
6.803402e-01	2.981108e+00	2.981106e+00
6.813407e-01	2.982560e+00	2.982558e+00
6.823412e-01	2.984003e+00	2.984002e+00
6.833417e-01	2.985439e+00	2.985437e+00
6.843422e-01	2.986866e+00	2.986865e+00
6.853427e-01	2.988284e+00	2.988283e+00
6.863432e-01	2.989695e+00	2.989694e+00
6.873437e-01	2.991097e+00	2.991096e+00
6.883442e-01	2.992491e+00	2.992490e+00
6.893447e-01	2.993877e+00	2.993876e+00
6.903452e-01	2.995255e+00	2.995254e+00
6.913457e-01	2.996625e+00	2.996623e+00
6.923462e-01	2.997986e+00	2.997985e+00
6.933467e-01	2.999339e+00	2.999338e+00
6.943472e-01	3.000684e+00	3.000683e+00
6.953477e-01	3.002021e+00	3.002020e+00
6.963482e-01	3.003350e+00	3.003349e+00
6.973487e-01	3.004671e+00	3.004670e+00
6.983492e-01	3.005984e+00	3.005983e+00
6.993497e-01	3.007289e+00	3.007288e+00
7.003502e-01	3.008586e+00	3.008585e+00
7.013507e-01	3.009875e+00	3.009874e+00
7.023512e-01	3.011156e+00	3.011155e+00
7.033517e-01	3.012429e+00	3.012428e+00
7.043522e-01	3.013694e+00	3.013693e+00
7.053527e-01	3.014951e+00	3.014950e+00
7.063532e-01	3.016200e+00	3.016199e+00
7.073537e-01	3.017441e+00	3.017440e+00
7.083542e-01	3.018675e+00	3.018674e+00
7.093547e-01	3.019901e+00	3.019899e+00
7.103552e-01	3.021118e+00	3.021117e+00
7.113557e-01	3.022328e+00	3.022327e+00
7.123562e-01	3.023531e+00	3.023530e+00
7.133567e-01	3.024725e+00	3.024724e+00
7.143572e-01	3.025912e+00	3.025911e+00
7.153577e-01	3.027091e+00	3.027090e+00
7.163582e-01	3.028262e+00	3.028261e+00
7.173587e-01	3.029426e+00	3.029425e+00
7.183592e-01	3.030582e+00	3.030581e+00
7.193597e-01	3.031730e+00	3.031729e+00
7.203602e-01	3.032871e+00	3.032870e+00
7.213607e-01	3.034004e+00	3.034003e+00
7.223612e-01	3.035129e+00	3.035128e+00
7.233617e-01	3.036247e+00	3.036246e+00
7.243622e-01	3.037358e+00	3.037357e+00
7.253627e-01	3.038461e+00	3.038460e+00
7.263632e-01	3.039556e+00	3.039555e+00
7.273637e-01	3.040644e+00	3.040643e+00
7.283642e-01	3.041724e+00	3.041723e+00
7.293647e-01	3.042797e+00	3.042796e+00
7.303652e-01	3.043863e+00	3.043862e+00
7.313657e-01	3.044921e+00	3.044920e+00
7.323662e-01	3.045972e+00	3.045971e+00
7.333667e-01	3.047015e+00	3.047014e+00
7.343672e-01	3.048051e+00	3.048050e+00
7.353677e-01	3.049080e+00	3.049079e+00
7.363682e-01	3.050101e+00	3.050100e+00
7.373687e-01	3.051116e+00	3.051115e+00
7.383692e-01	3.052123e+00	3.052121e+00
7.393697e-01	3.053122e+00	3.053121e+00
7.403702e-01	3.054115e+00	3.054114e+00
7.413707e-01	3.055100e+00	3.055099e+00
7.423712e-01	3.056078e+00	3.056077e+00
7.433717e-01	3.057049e+00	3.057048e+00
7.443722e-01	3.058013e+00	3.058012e+00
7.453727e-01	3.058969e+00	3.058968e+00
7.463732e-01	3.059919e+00	3.059918e+00
7.473737e-01	3.060862e+00	3.060861e+00
7.483742e-01	3.061797e+00	3.061796e+00
7.493747e-01	3.062726e+00	3.062725e+00
7.503752e-01	3.063647e+00	3.063646e+00
7.513757e-01	3.064562e+00	3.064561e+00
7.523762e-01	3.065469e+00	3.065468e+00
7.533767e-01	3.066370e+00	3.066369e+00
7.543772e-01	3.067263e+00	3.067262e+00
7.553777e-01	3.068150e+00	3.068149e+00
7.563782e-01	3.069030e+00	3.069029e+00
7.573787e-01	3.069903e+00	3.069902e+00
7.583792e-01	3.070770e+00	3.070769e+00
7.593797e-01	3.071629e+00	3.071628e+00
7.603802e-01	3.072482e+00	3.072481e+00
7.613807e-01	3.073328e+00	3.073327e+00
7.623812e-01	3.074167e+00	3.074166e+00
7.633817e-01	3.075000e+00	3.074998e+00
7.643822e-01	3.075825e+00	3.075824e+00
7.653827e-01	3.076645e+00	3.076643e+00
7.663832e-01	3.077457e+00	3.077456e+00
7.673837e-01	3.078263e+00	3.078262e+00
7.683842e-01	3.079062e+00	3.079061e+00
7.693847e-01	3.079855e+00	3.079854e+00
7.703852e-01	3.080641e+00	3.080640e+00
7.713857e-01	3.081421e+00	3.081420e+00
7.723862e-01	3.082194e+00	3.082193e+00
7.733867e-01	3.082961e+00	3.082960e+00
7.743872e-01	3.083721e+00	3.083720e+00
7.753877e-01	3.084475e+00	3.084474e+00
7.763882e-01	3.085222e+00	3.085221e+00
7.773887e-01	3.085963e+00	3.085962e+00
7.783892e-01	3.086698e+00	3.086697e+00
7.793897e-01	3.087426e+00	3.087425e+00
7.803902e-01	3.088148e+00	3.088147e+00
7.813907e-01	3.088864e+00	3.088863e+00
7.823912e-01	3.089573e+00	3.089572e+00
7.833917e-01	3.090277e+00	3.090275e+00
7.843922e-01	3.090974e+00	3.090972e+00
7.853927e-01	3.091664e+00	3.091663e+00
7.863932e-01	3.092349e+00	3.092348e+00
7.873937e-01	3.093027e+00	3.093026e+00
7.883942e-01	3.093700e+00	3.093699e+00
7.893947e-01	3.094366e+00	3.094365e+00
7.903952e-01	3.095026e+00	3.095025e+00
7.913957e-01	3.095681e+00	3.095679e+00
7.923962e-01	3.096329e+00	3.096328e+00
7.933967e-01	3.096971e+00	3.096970e+00
7.943972e-01	3.097607e+00	3.097606e+00
7.953977e-01	3.098237e+00	3.098236e+00
7.963982e-01	3.098862e+00	3.098861e+00
7.973987e-01	3.099480e+00	3.099479e+00
7.983992e-01	3.100093e+00	3.100091e+00
7.993997e-01	3.100699e+00	3.100698e+00
8.004002e-01	3.101300e+00	3.101299e+00
8.014007e-01	3.101895e+00	3.101894e+00
8.024012e-01	3.102484e+00	3.102483e+00
8.034017e-01	3.103068e+00	3.103067e+00
8.044022e-01	3.103646e+00	3.103645e+00
8.054027e-01	3.104218e+00	3.104217e+00
8.064032e-01	3.104784e+00	3.104783e+00
8.074037e-01	3.105345e+00	3.105344e+00
8.084042e-01	3.105900e+00	3.105899e+00
8.094047e-01	3.106450e+00	3.106449e+00
8.104052e-01	3.106994e+00	3.106993e+00
8.114057e-01	3.107533e+00	3.107532e+00
8.124062e-01	3.108066e+00	3.108065e+00
8.134067e-01	3.108593e+00	3.108592e+00
8.144072e-01	3.109115e+00	3.109114e+00
8.154077e-01	3.109632e+00	3.109631e+00
8.164082e-01	3.110143e+00	3.110142e+00
8.174087e-01	3.110649e+00	3.110648e+00
8.184092e-01	3.111149e+00	3.111148e+00
8.194097e-01	3.111644e+00	3.111643e+00
8.204102e-01	3.112134e+00	3.112133e+00
8.214107e-01	3.112618e+00	3.112617e+00
8.224112e-01	3.113098e+00	3.113097e+00
8.234117e-01	3.113572e+00	3.113571e+00
8.244122e-01	3.114041e+00	3.114039e+00
8.254127e-01	3.114504e+00	3.114503e+00
8.264132e-01	3.114963e+00	3.114962e+00
8.274137e-01	3.115416e+00	3.115415e+00
8.284142e-01	3.115864e+00	3.115863e+00
8.294147e-01	3.116307e+00	3.116306e+00
8.304152e-01	3.116746e+00	3.116745e+00
8.314157e-01	3.117179e+00	3.117178e+00
8.324162e-01	3.117607e+00	3.117606e+00
8.334167e-01	3.118030e+00	3.118029e+00
8.344172e-01	3.118448e+00	3.118447e+00
8.354177e-01	3.118862e+00	3.118860e+00
8.364182e-01	3.119270e+00	3.119269e+00
8.374187e-01	3.119674e+00	3.119673e+00
8.384192e-01	3.120072e+00	3.120071e+00
8.394197e-01	3.120466e+00	3.120465e+00
8.404202e-01	3.120855e+00	3.120854e+00
8.414207e-01	3.121240e+00	3.121239e+00
8.424212e-01	3.121620e+00	3.121618e+00
8.434217e-01	3.121995e+00	3.121994e+00
8.444222e-01	3.122365e+00	3.122364e+00
8.454227e-01	3.122731e+00	3.122730e+00
8.464232e-01	3.123092e+00	3.123091e+00
8.474237e-01	3.123448e+00	3.123447e+00
8.484242e-01	3.123800e+00	3.123799e+00
8.494247e-01	3.124148e+00	3.124147e+00
8.504252e-01	3.124490e+00	3.124489e+00
8.514257e-01	3.124829e+00	3.124828e+00
8.524262e-01	3.125163e+00	3.125162e+00
8.534267e-01	3.125492e+00	3.125491e+00
8.544272e-01	3.125818e+00	3.125817e+00
8.554277e-01	3.126138e+00	3.126138e+00
8.564282e-01	3.126455e+00	3.126454e+00
8.574287e-01	3.126767e+00	3.126766e+00
8.584292e-01	3.127075e+00	3.127074e+00
8.594297e-01	3.127379e+00	3.127378e+00
8.604302e-01	3.127678e+00	3.127677e+00
8.614307e-01	3.127973e+00	3.127972e+00
8.624312e-01	3.128265e+00	3.128264e+00
8.634317e-01	3.128551e+00	3.128550e+00
8.644322e-01	3.128834e+00	3.128833e+00
8.654327e-01	3.129113e+00	3.129112e+00
8.664332e-01	3.129388e+00	3.129387e+00
8.674337e-01	3.129658e+00	3.129657e+00
8.684342e-01	3.129925e+00	3.129924e+00
8.694347e-01	3.130188e+00	3.130187e+00
8.704352e-01	3.130447e+00	3.130446e+00
8.714357e-01	3.130701e+00	3.130700e+00
8.724362e-01	3.130952e+00	3.130951e+00
8.734367e-01	3.131199e+00	3.131199e+00
8.744372e-01	3.131443e+00	3.131442e+00
8.754377e-01	3.131682e+00	3.131681e+00
8.764382e-01	3.131918e+00	3.131917e+00
8.774387e-01	3.132150e+00	3.132149e+00
8.784392e-01	3.132378e+00	3.132377e+00
8.794397e-01	3.132603e+00	3.132602e+00
8.804402e-01	3.132824e+00	3.132823e+00
8.814407e-01	3.133041e+00	3.133040e+00
8.824412e-01	3.133255e+00	3.133254e+00
8.834417e-01	3.133465e+00	3.133464e+00
8.844422e-01	3.133672e+00	3.133671e+00
8.854427e-01	3.133875e+00	3.133874e+00
8.864432e-01	3.134074e+00	3.134073e+00
8.874437e-01	3.134271e+00	3.134270e+00
8.884442e-01	3.134463e+00	3.134462e+00
8.894447e-01	3.134653e+00	3.134652e+00
8.904452e-01	3.134839e+00	3.134838e+00
8.914457e-01	3.135021e+00	3.135020e+00
8.924462e-01	3.135201e+00	3.135200e+00
8.934467e-01	3.135377e+00	3.135376e+00
8.944472e-01	3.135550e+00	3.135549e+00
8.954477e-01	3.135719e+00	3.135718e+00
8.964482e-01	3.135886e+00	3.135885e+00
8.974487e-01	3.136049e+00	3.136048e+00
8.984492e-01	3.136209e+00	3.136208e+00
8.994497e-01	3.136366e+00	3.136365e+00
9.004502e-01	3.136520e+00	3.136519e+00
9.014507e-01	3.136671e+00	3.136670e+00
9.024512e-01	3.136819e+00	3.136818e+00
9.034517e-01	3.136964e+00	3.136963e+00
9.044522e-01	3.137106e+00	3.137105e+00
9.054527e-01	3.137245e+00	3.137244e+00
9.064532e-01	3.137381e+00	3.137380e+00
9.074537e-01	3.137515e+00	3.137514e+00
9.084542e-01	3.137645e+00	3.137644e+00
9.094547e-01	3.137773e+00	3.137772e+00
9.104552e-01	3.137898e+00	3.137897e+00
9.114557e-01	3.138020e+00	3.138019e+00
9.124562e-01	3.138139e+00	3.138139e+00
9.134567e-01	3.138256e+00	3.138255e+00
9.144572e-01	3.138370e+00	3.138370e+00
9.154577e-01	3.138482e+00	3.138481e+00
9.164582e-01	3.138591e+00	3.138590e+00
9.174587e-01	3.138697e+00	3.138696e+00
9.184592e-01	3.138801e+00	3.138800e+00
9.194597e-01	3.138902e+00	3.138901e+00
9.204602e-01	3.139001e+00	3.139000e+00
9.214607e-01	3.139098e+00	3.139097e+00
9.224612e-01	3.139192e+00	3.139191e+00
9.234617e-01	3.139283e+00	3.139282e+00
9.244622e-01	3.139372e+00	3.139372e+00
9.254627e-01	3.139459e+00	3.139458e+00
9.264632e-01	3.139544e+00	3.139543e+00
9.274637e-01	3.139626e+00	3.139626e+00
9.284642e-01	3.139707e+00	3.139706e+00
9.294647e-01	3.139784e+00	3.139784e+00
9.304652e-01	3.139860e+00	3.139859e+00
9.314657e-01	3.139934e+00	3.139933e+00
9.324662e-01	3.140005e+00	3.140005e+00
9.334667e-01	3.140075e+00	3.140074e+00
9.344672e-01	3.140142e+00	3.140141e+00
9.354677e-01	3.140208e+00	3.140207e+00
9.364682e-01	3.140271e+00	3.140270e+00
9.374687e-01	3.140332e+00	3.140332e+00
9.384692e-01	3.140392e+00	3.140391e+00
9.394697e-01	3.140450e+00	3.140449e+00
9.404702e-01	3.140505e+00	3.140504e+00
9.414707e-01	3.140559e+00	3.140558e+00
9.424712e-01	3.140611e+00	3.140610e+00
9.434717e-01	3.140662e+00	3.140661e+00
9.444722e-01	3.140710e+00	3.140709e+00
9.454727e-01	3.140757e+00	3.140756e+00
9.464732e-01	3.140802e+00	3.140801e+00
9.474737e-01	3.140846e+00	3.140845e+00
9.484742e-01	3.140888e+00	3.140887e+00
9.494747e-01	3.140928e+00	3.140927e+00
9.504752e-01	3.140967e+00	3.140966e+00
9.514757e-01	3.141004e+00	3.141003e+00
9.524762e-01	3.141039e+00	3.141039e+00
9.534767e-01	3.141074e+00	3.141073e+00
9.544772e-01	3.141107e+00	3.141106e+00
9.554777e-01	3.141138e+00	3.141137e+00
9.564782e-01	3.141168e+00	3.141167e+00
9.574787e-01	3.141197e+00	3.141196e+00
9.584792e-01	3.141224e+00	3.141223e+00
9.594797e-01	3.141250e+00	3.141249e+00
9.604802e-01	3.141275e+00	3.141274e+00
9.614807e-01	3.141298e+00	3.141298e+00
9.624812e-01	3.141321e+00	3.141320e+00
9.634817e-01	3.141342e+00	3.141341e+00
9.644822e-01	3.141362e+00	3.141361e+00
9.654827e-01	3.141381e+00	3.141380e+00
9.664832e-01	3.141399e+00	3.141398e+00
9.674837e-01	3.141416e+00	3.141415e+00
9.684842e-01	3.141432e+00	3.141431e+00
9.694847e-01	3.141447e+00	3.141446e+00
9.704852e-01	3.141461e+00	3.141460e+00
9.714857e-01	3.141474e+00	3.141473e+00
9.724862e-01	3.141486e+00	3.141485e+00
9.734867e-01	3.141497e+00	3.141496e+00
9.744872e-01	3.141508e+00	3.141507e+00
9.754877e-01	3.141517e+00	3.141517e+00
9.764882e-01	3.141526e+00	3.141526e+00
9.774887e-01	3.141535e+00	3.141534e+00
9.784892e-01	3.141542e+00	3.141541e+00
9.794897e-01	3.141549e+00	3.141548e+00
9.804902e-01	3.141555e+00	3.141554e+00
9.814907e-01	3.141561e+00	3.141560e+00
9.824912e-01	3.141566e+00	3.141565e+00
9.834917e-01	3.141570e+00	3.141569e+00
9.844922e-01	3.141574e+00	3.141573e+00
9.854927e-01	3.141578e+00	3.141577e+00
9.864932e-01	3.141581e+00	3.141580e+00
9.874937e-01	3.141583e+00	3.141583e+00
9.884942e-01	3.141586e+00	3.141585e+00
9.894947e-01	3.141587e+00	3.141587e+00
9.904952e-01	3.141589e+00	3.141588e+00
9.914957e-01	3.141590e+00	3.141589e+00
9.924962e-01	3.141591e+00	3.141590e+00
9.934967e-01	3.141592e+00	3.141591e+00
9.944972e-01	3.141593e+00	3.141592e+00
9.954977e-01	3.141593e+00	3.141592e+00
9.964982e-01	3.141593e+00	3.141592e+00
9.974987e-01	3.141593e+00	3.141593e+00
9.984992e-01	3.141593e+00	3.141593e+00
9.994997e-01	3.141593e+00	3.141593e+00
