    0.00000000000000     0.00000000000000
    0.03225806451613     0.35854899628924
    0.06451612903226     0.69892264543073
    0.09677419354839     1.00648469725519
    0.12903225806452     1.27228979832077
    0.16129032258065     1.49332938059376
    0.19354838709677     1.67132553265281
    0.22580645161290     1.81094431193194
    0.25806451612903     1.91814170998517
    0.29032258064516     1.99897748611718
    0.32258064516129     2.05892719226926
    0.35483870967742     2.10257647645864
    0.38709677419355     2.13355402536361
    0.41935483870968     2.15458652123780
    0.45161290322581     2.16759801562233
    0.48387096774194     2.17380855636370
    0.51612903225806     2.17380855636370
    0.54838709677419     2.16759801562233
    0.58064516129032     2.15458652123780
    0.61290322580645     2.13355402536361
    0.64516129032258     2.10257647645864
    0.67741935483871     2.05892719226926
    0.70967741935484     1.99897748611719
    0.74193548387097     1.91814170998517
    0.77419354838710     1.81094431193194
    0.80645161290323     1.67132553265281
    0.83870967741935     1.49332938059376
    0.87096774193548     1.27228979832077
    0.90322580645161     1.00648469725519
    0.93548387096774     0.69892264543073
    0.96774193548387     0.35854899628924
    1.00000000000000     0.00000000000000
