    0.00000000000000     0.00000000000000
    0.00777621943958    -0.00443826817472
    0.01555243887916    -0.00887358192927
    0.02332865831874    -0.01330298755809
    0.03110487775831    -0.01772353278465
    0.03888109719789    -0.02213226747560
    0.04665731663747    -0.02652624435425
    0.05443353607705    -0.03090251971356
    0.06220975551663    -0.03525815412806
    0.06998597495621    -0.03959021316490
    0.07776219439579    -0.04389576809360
    0.08553841383537    -0.04817189659445
    0.09331463327494    -0.05241568346536
    0.10109085271452    -0.05662422132696
    0.10886707215410    -0.06079461132589
    0.11664329159368    -0.06492396383589
    0.12441951103326    -0.06900939915681
    0.13219573047284    -0.07304804821110
    0.13997194991242    -0.07703705323782
    0.14774816935200    -0.08097356848381
    0.15552438879157    -0.08485476089209
    0.16330060823115    -0.08867781078704
    0.17107682767073    -0.09243991255648
    0.17885304711031    -0.09613827533025
    0.18662926654989    -0.09977012365529
    0.19440548598947    -0.10333269816693
    0.20218170542905    -0.10682325625633
    0.20995792486862    -0.11023907273389
    0.21773414430820    -0.11357744048837
    0.22551036374778    -0.11683567114169
    0.23328658318736    -0.12001109569922
    0.24106280262694    -0.12310106519532
    0.24883902206652    -0.12610295133410
    0.25661524150610    -0.12901414712509
    0.26439146094568    -0.13183206751388
    0.27216768038525    -0.13455415000737
    0.27994389982483    -0.13717785529354
    0.28772011926441    -0.13970066785571
    0.29549633870399    -0.14212009658096
    0.30327255814357    -0.14443367536268
    0.31104877758315    -0.14663896369708
    0.31882499702273    -0.14873354727347
    0.32660121646231    -0.15071503855826
    0.33437743590188    -0.15258107737243
    0.34215365534146    -0.15432933146241
    0.34992987478104    -0.15595749706421
    0.35770609422062    -0.15746329946065
    0.36548231366020    -0.15884449353155
    0.37325853309978    -0.16009886429680
    0.38103475253936    -0.16122422745210
    0.38881097197893    -0.16221842989728
    0.39658719141851    -0.16307935025712
    0.40436341085809    -0.16380489939447
    0.41213963029767    -0.16439302091552
    0.41991584973725    -0.16484169166724
    0.42769206917683    -0.16514892222672
    0.43546828861641    -0.16531275738236
    0.44324450805599    -0.16533127660684
    0.45102072749556    -0.16520259452157
    0.45879694693514    -0.16492486135280
    0.46657316637472    -0.16449626337901
    0.47434938581430    -0.16391502336960
    0.48212560525388    -0.16317940101479
    0.48990182469346    -0.16228769334653
    0.49767804413304    -0.16123823515044
    0.50545426357262    -0.16002939936857
    0.51323048301219    -0.15865959749298
    0.52100670245177    -0.15712727994991
    0.52878292189135    -0.15543093647464
    0.53655914133093    -0.15356909647679
    0.54433536077051    -0.15154032939597
    0.55211158021009    -0.14934324504787
    0.55988779964967    -0.14697649396046
    0.56766401908924    -0.14443876770044
    0.57544023852882    -0.14172879918970
    0.58321645796840    -0.13884536301180
    0.59099267740798    -0.13578727570836
    0.59876889684756    -0.13255339606536
    0.60654511628714    -0.12914262538910
    0.61432133572672    -0.12555390777202
    0.62209755516630    -0.12178623034808
    0.62987377460587    -0.11783862353771
    0.63764999404545    -0.11371016128241
    0.64542621348503    -0.10939996126865
    0.65320243292461    -0.10490718514137
    0.66097865236419    -0.10023103870668
    0.66875487180377    -0.09537077212405
    0.67653109124335    -0.09032568008758
    0.68430731068293    -0.08509510199667
    0.69208353012250    -0.07967842211578
    0.69985974956208    -0.07407506972336
    0.70763596900166    -0.06828451924990
    0.71541218844124    -0.06230629040507
    0.72318840788082    -0.05613994829385
    0.73096462732040    -0.04978510352176
    0.73874084675998    -0.04324141228904
    0.74651706619955    -0.03650857647379
    0.75429328563913    -0.02958634370410
    0.76206950507871    -0.02247450741908
    0.76984572451829    -0.01517290691881
    0.77762194395787    -0.00768142740326
    0.78539816339745     0.00000000000000
