0.0 0.0 0.43861151752365213
0.0 0.1 0.15992929989802307
0.0 0.2 0.0008286659127212381
0.0 0.3 0.05643707682926724
0.0 0.4 0.04858006802477832
0.0 0.5 0.0559512511255682
0.0 0.6 0.041058698536970306
0.0 0.7 0.06382784764186211
0.0 0.8 0.056347562633411896
0.0 0.9 0.17123429931002607
0.0 1.0 0.12342534356562007
0.0 1.1 0.07882869219398114
0.0 1.2 0.020983197810618526
0.0 1.3 0.09047324528945484
0.0 1.4 0.023717288209034626
0.0 1.5 0.0499958175731916
0.0 1.6 0.04415501412442013
0.0 1.7 0.1597868581878068
0.0 1.8 0.2359033093900622
0.0 1.9 0.060816543354826225
0.0 2.0 0.45671892296132355
0.1 0.0 0.21150225672347606
0.1 0.1 0.002891611596049559
0.1 0.2 0.002164902024210935
0.1 0.3 0.0048883288224284005
0.1 0.4 0.01901220935088843
0.1 0.5 0.00033182198689352127
0.1 0.6 0.0009280858262545877
0.1 0.7 1.8466524199567402e-05
0.1 0.8 0.024446655628572955
0.1 0.9 0.006423298224519591
0.1 1.0 0.0015022187056120684
0.1 1.1 0.004136398354393611
0.1 1.2 0.013558557913155633
0.1 1.3 0.00023985993459718635
0.1 1.4 0.0024833250932551065
0.1 1.5 0.0025271871929244405
0.1 1.6 0.0008808273356744056
0.1 1.7 0.008920798198847224
0.1 1.8 0.008644311391524218
0.1 1.9 0.003967072708444652
0.1 2.0 0.0065671122712127605
0.2 0.0 0.07658984041225625
0.2 0.1 0.019225483814040878
0.2 0.2 0.0009140187422493895
0.2 0.3 8.557029064393262e-05
0.2 0.4 0.0060642297180340254
0.2 0.5 0.00099751011246757
0.2 0.6 0.002261600652330026
0.2 0.7 0.0038308140496723375
0.2 0.8 0.0031354075679623783
0.2 0.9 0.005456060591199963
0.2 1.0 0.017523347209474793
0.2 1.1 0.0014609340851332586
0.2 1.2 0.007245579311549122
0.2 1.3 0.0011841615210901324
0.2 1.4 0.0003939716841128288
0.2 1.5 2.9801049512778732e-05
0.2 1.6 0.005823062748465446
0.2 1.7 0.0003603354919470281
0.2 1.8 0.002117569222491955
0.2 1.9 0.004139523616499385
0.2 2.0 0.09054607470073173
0.3 0.0 0.018694856095559098
0.3 0.1 0.016521374716462534
0.3 0.2 0.008008253955223088
0.3 0.3 0.000444597183972828
0.3 0.4 0.04043289337813105
0.3 0.5 0.010037949439794414
0.3 0.6 0.011415702950930084
0.3 0.7 0.00955303970417165
0.3 0.8 0.0021982663836889182
0.3 0.9 0.008401171729785606
0.3 1.0 0.012654763314972728
0.3 1.1 1.5281382285264877e-05
0.3 1.2 0.006895533469944759
0.3 1.3 2.4182133377959047e-05
0.3 1.4 0.016732790150925214
0.3 1.5 0.0015693957664377756
0.3 1.6 0.006497742433372533
0.3 1.7 0.00922858963925799
0.3 1.8 0.0002145928032570854
0.3 1.9 0.001883780595643758
0.3 2.0 0.08381423795199949
0.4 0.0 0.013062728411454394
0.4 0.1 0.004001448391134588
0.4 0.2 0.0006072319976280285
0.4 0.3 0.008937793537729055
0.4 0.4 0.022835168229397018
0.4 0.5 0.004984249801649243
0.4 0.6 0.002087737694548064
0.4 0.7 0.0022503483478011344
0.4 0.8 0.00012927789925997607
0.4 0.9 0.006880745240615438
0.4 1.0 0.00017303704952253973
0.4 1.1 0.0007967882624601019
0.4 1.2 0.007827140469101934
0.4 1.3 0.0007828793657900235
0.4 1.4 0.01616752984367742
0.4 1.5 0.0011914421280712073
0.4 1.6 0.005436659331988336
0.4 1.7 0.006355565452068612
0.4 1.8 6.134537658053496e-05
0.4 1.9 0.027945328829850125
0.4 2.0 0.10803843104252064
0.5 0.0 0.018166118063685177
0.5 0.1 0.025345514199034413
0.5 0.2 0.0022832973392434286
0.5 0.3 0.004101892061463497
0.5 0.4 0.04372468345160674
0.5 0.5 0.676225610995275
0.5 0.6 0.02412866261963087
0.5 0.7 0.0024214466738721185
0.5 0.8 0.0012883379077765489
0.5 0.9 0.00023249585041651422
0.5 1.0 0.0020889682645919283
0.5 1.1 0.015096681622186026
0.5 1.2 0.0022279768154060964
0.5 1.3 0.014636576105230503
0.5 1.4 0.009408445115974162
0.5 1.5 0.0024459123101454594
0.5 1.6 0.012548268474193991
0.5 1.7 0.0036131606095177737
0.5 1.8 0.0061268517418248125
0.5 1.9 0.004315954900423691
0.5 2.0 0.15857794104377332
0.6 0.0 0.024297444725655426
0.6 0.1 0.0014939016778185987
0.6 0.2 0.0020705065619750287
0.6 0.3 0.007570622322526033
0.6 0.4 0.0007848253692719354
0.6 0.5 0.010244569948136828
0.6 0.6 0.0034282148268469648
0.6 0.7 0.019003877721228246
0.6 0.8 0.0026378802532860263
0.6 0.9 9.43026387445478e-06
0.6 1.0 0.006325481601462624
0.6 1.1 0.004123356959919888
0.6 1.2 0.0065258631927638255
0.6 1.3 0.029894269587513955
0.6 1.4 0.0013909968639236325
0.6 1.5 0.0047034491856248195
0.6 1.6 0.0020513457553943404
0.6 1.7 0.009409332228347722
0.6 1.8 0.005178686611345462
0.6 1.9 0.012195275557879137
0.6 2.0 0.07482676855944459
0.7 0.0 0.09997046729889503
0.7 0.1 0.011560954466074413
0.7 0.2 0.0005305118302476597
0.7 0.3 0.004777933166602577
0.7 0.4 0.00029336695873816154
0.7 0.5 0.026391221038592816
0.7 0.6 0.00034409135771928945
0.7 0.7 0.0072437470235183765
0.7 0.8 0.0022422688710981298
0.7 0.9 0.0034710593460474115
0.7 1.0 0.003476884242652911
0.7 1.1 0.00585924992104804
0.7 1.2 0.003457448527837803
0.7 1.3 0.0006767498655582127
0.7 1.4 0.0004403925650521834
0.7 1.5 0.0010206323561907649
0.7 1.6 0.0050901353464405386
0.7 1.7 0.0006112026139070137
0.7 1.8 0.002740095882576954
0.7 1.9 0.006132271141050749
0.7 2.0 0.06520913492849445
0.8 0.0 0.10651616961634092
0.8 0.1 0.013951667560599956
0.8 0.2 0.04894852136746053
0.8 0.3 0.0020067146023881044
0.8 0.4 0.005957683586941029
0.8 0.5 0.00014942486340052685
0.8 0.6 0.005576532657682029
0.8 0.7 0.0010914295147278485
0.8 0.8 0.00660568465072342
0.8 0.9 0.003507471051843014
0.8 1.0 0.001850012574564075
0.8 1.1 0.00033153496828608464
0.8 1.2 0.0005145342458292568
0.8 1.3 0.00026424901774890763
0.8 1.4 0.00048096739578327996
0.8 1.5 0.00015953638860977115
0.8 1.6 0.010013689256366254
0.8 1.7 0.0007201365511719793
0.8 1.8 0.0008636335073499701
0.8 1.9 0.04230559545807444
0.8 2.0 0.048989877104438695
0.9 0.0 0.18554727113805708
0.9 0.1 0.015903396803622627
0.9 0.2 0.023308020487849967
0.9 0.3 6.227993278251631e-05
0.9 0.4 0.0012796612085144154
0.9 0.5 0.004470419819513349
0.9 0.6 0.0006142527906094486
0.9 0.7 0.004762520150026539
0.9 0.8 0.009338825574690013
0.9 0.9 0.0004099018140546473
0.9 1.0 0.0029214920225539287
0.9 1.1 0.009377822082632381
0.9 1.2 0.019633788233473615
0.9 1.3 0.00039638170836520104
0.9 1.4 0.001444040292545079
0.9 1.5 0.0037746739216883984
0.9 1.6 0.03858376801724339
0.9 1.7 0.007119112128622235
0.9 1.8 0.002685609595077798
0.9 1.9 0.0021013404235894484
0.9 2.0 0.019837118928209774
1.0 0.0 0.016924557597557177
1.0 0.1 0.00014649478210207456
1.0 0.2 0.003659626287022766
1.0 0.3 0.0008505230180497758
1.0 0.4 0.011165879582534677
1.0 0.5 0.005061946962472863
1.0 0.6 0.012793155668956668
1.0 0.7 0.00045839403508995957
1.0 0.8 0.0030390602166051606
1.0 0.9 0.0001524632730970643
1.0 1.0 0.0007680078758280917
1.0 1.1 0.0005839033356271894
1.0 1.2 0.0004924688740783889
1.0 1.3 0.00024649470832684844
1.0 1.4 0.0005837484948392202
1.0 1.5 0.005743003180396444
1.0 1.6 0.03098966355517685
1.0 1.7 0.004146824650887115
1.0 1.8 0.004885951618302187
1.0 1.9 0.0010448063269732355
1.0 2.0 0.053855950505438566
1.1 0.0 0.038084657892977214
1.1 0.1 0.004721826701778342
1.1 0.2 0.003131583839490748
1.1 0.3 2.0123577289268835e-05
1.1 0.4 0.013537325314151916
1.1 0.5 0.0038029943711920255
1.1 0.6 0.011379034729415927
1.1 0.7 0.008432418437774036
1.1 0.8 0.001766222129638062
1.1 0.9 0.0006480179920296258
1.1 1.0 0.005240514216702019
1.1 1.1 0.015393772534449734
1.1 1.2 0.0008121585486671745
1.1 1.3 0.0016748048143064853
1.1 1.4 0.002876059382544094
1.1 1.5 0.0035481202223539565
1.1 1.6 0.0019223795616888223
1.1 1.7 0.01406172209846357
1.1 1.8 0.014100228815298044
1.1 1.9 0.006115485096750195
1.1 2.0 0.12242343727356719
1.2 0.0 0.03193523581495561
1.2 0.1 0.009384751021115578
1.2 0.2 0.018254048620772068
1.2 0.3 0.0004894111175588467
1.2 0.4 0.006478288966673906
1.2 0.5 4.049999030608653e-05
1.2 0.6 0.0003108891321492724
1.2 0.7 0.0008978045968648374
1.2 0.8 0.03972172483063918
1.2 0.9 0.019582519786508712
1.2 1.0 0.003505227210647499
1.2 1.1 0.0026232462008122237
1.2 1.2 0.000305318501233276
1.2 1.3 0.0016345650115707766
1.2 1.4 0.0014980920222549265
1.2 1.5 0.0001411809104057138
1.2 1.6 0.00540027652399544
1.2 1.7 0.004348853545377285
1.2 1.8 0.004491345672406499
1.2 1.9 0.0001907124357206913
1.2 2.0 0.10539700765165994
1.3 0.0 0.10521350501726084
1.3 0.1 0.0319139155055862
1.3 0.2 0.0026828132531282467
1.3 0.3 0.0424678445295299
1.3 0.4 0.05992112053967902
1.3 0.5 0.00034076303553853826
1.3 0.6 0.009306921478257957
1.3 0.7 0.010794207297407876
1.3 0.8 0.05335355655713414
1.3 0.9 0.004401928369229258
1.3 1.0 0.0023330752102341534
1.3 1.1 0.0005795052630734876
1.3 1.2 0.011474693926462942
1.3 1.3 0.0007877567621237258
1.3 1.4 0.0003111622248965773
1.3 1.5 0.004695212770550405
1.3 1.6 0.004898187116534558
1.3 1.7 0.005283003865823144
1.3 1.8 0.0026729502192396337
1.3 1.9 0.003342392191380439
1.3 2.0 0.0268766171307524
1.4 0.0 0.19526895532257482
1.4 0.1 0.03417779517676889
1.4 0.2 0.00024610129502916633
1.4 0.3 0.029660090342855217
1.4 0.4 0.039214212534362414
1.4 0.5 0.0021120415448308005
1.4 0.6 0.0008980410607993816
1.4 0.7 0.0008692040677018009
1.4 0.8 0.0021603094189932837
1.4 0.9 0.002733974004946127
1.4 1.0 0.015031658304452744
1.4 1.1 0.011614205006684086
1.4 1.2 0.0031535203761841046
1.4 1.3 0.005279264851153709
1.4 1.4 0.0008920594411704341
1.4 1.5 0.019947098779088845
1.4 1.6 0.0002902911029696309
1.4 1.7 0.0017717644575425684
1.4 1.8 0.0011210321924074451
1.4 1.9 0.0010310083673605863
1.4 2.0 0.09607415241021933
1.5 0.0 0.06417739922030052
1.5 0.1 0.00666108910800256
1.5 0.2 0.017393041404361265
1.5 0.3 0.03225462835335091
1.5 0.4 0.0036532968591529436
1.5 0.5 7.919201872153003e-05
1.5 0.6 0.0025228110743278354
1.5 0.7 0.02116042166276877
1.5 0.8 0.0003772766750462786
1.5 0.9 0.001468191967424426
1.5 1.0 0.013084797874300502
1.5 1.1 0.022353742559047873
1.5 1.2 0.011417865506987757
1.5 1.3 0.000688242705635389
1.5 1.4 0.00014782748256814138
1.5 1.5 0.009320887938184752
1.5 1.6 0.0052178125972572875
1.5 1.7 0.0006421904004480505
1.5 1.8 0.0011565190292275318
1.5 1.9 0.00427945359461801
1.5 2.0 0.15848462605424252
1.6 0.0 0.07935394276888008
1.6 0.1 0.023269692103647266
1.6 0.2 0.0036881717028593997
1.6 0.3 0.00774042989456758
1.6 0.4 0.0016601869400374447
1.6 0.5 0.00030638198561905305
1.6 0.6 0.00010311551356734228
1.6 0.7 0.004541207352876553
1.6 0.8 0.028182922617115302
1.6 0.9 3.622993174356992e-06
1.6 1.0 7.606419555816757e-05
1.6 1.1 0.0003584371877671799
1.6 1.2 0.001625793902832462
1.6 1.3 0.026261814007273676
1.6 1.4 0.02842225922511532
1.6 1.5 0.000731303836371211
1.6 1.6 0.0005276510967597292
1.6 1.7 0.0033943013483745954
1.6 1.8 0.011979913756364313
1.6 1.9 0.10216259160848162
1.6 2.0 0.19246002017237623
1.7 0.0 0.1606711035165178
1.7 0.1 0.03435342742625122
1.7 0.2 0.0005051818866200208
1.7 0.3 0.005526152131973938
1.7 0.4 0.00012426407772858639
1.7 0.5 0.0007747427736559676
1.7 0.6 0.0005280153552715827
1.7 0.7 0.0007821449395539748
1.7 0.8 0.0036589553694220123
1.7 0.9 0.00016498762852376614
1.7 1.0 0.0011392081638917917
1.7 1.1 0.011826581812750536
1.7 1.2 0.001958113696859387
1.7 1.3 0.0037739317106892933
1.7 1.4 0.0013055535432393572
1.7 1.5 0.0030712084226540426
1.7 1.6 0.004727602230777617
1.7 1.7 0.0032034778040284095
1.7 1.8 0.04798312708707586
1.7 1.9 0.06205020289688501
1.7 2.0 0.2934225008430812
1.8 0.0 0.15608760414140432
1.8 0.1 0.0005675064136947405
1.8 0.2 0.0026532889633710255
1.8 0.3 0.00014322072707306788
1.8 0.4 0.0011674772898104813
1.8 0.5 0.0003464651965081611
1.8 0.6 0.0006646168080445269
1.8 0.7 0.002301388769671897
1.8 0.8 0.008590736108234909
1.8 0.9 0.0014877801868058427
1.8 1.0 0.013805038411035309
1.8 1.1 0.002056067208473067
1.8 1.2 0.0013202023173815025
1.8 1.3 0.006017202188796644
1.8 1.4 0.00022141382555054823
1.8 1.5 0.004182656585402622
1.8 1.6 0.002398077110020491
1.8 1.7 0.03948304239772282
1.8 1.8 0.013802083512765906
1.8 1.9 0.009453469692135952
1.8 2.0 0.20113042272154202
1.9 0.0 0.018998003594759227
1.9 0.1 0.003550167839459606
1.9 0.2 0.013904879402501402
1.9 0.3 0.009680004061346725
1.9 0.4 0.0015864851549218795
1.9 0.5 0.001547215570349314
1.9 0.6 0.03981490674963606
1.9 0.7 0.0029919840321117608
1.9 0.8 0.03881214339189443
1.9 0.9 0.010500564169909632
1.9 1.0 0.005444692534184226
1.9 1.1 0.0005233357182358178
1.9 1.2 0.0016188505222656802
1.9 1.3 0.0071685919369886
1.9 1.4 0.006781959250937275
1.9 1.5 0.0010729328416190231
1.9 1.6 0.031107224007561607
1.9 1.7 0.0034894916507329787
1.9 1.8 0.004722039657542032
1.9 1.9 0.015689444445905476
1.9 2.0 0.004315262117491558
2.0 0.0 0.37770756214173856
2.0 0.1 0.18498568779745272
2.0 0.2 0.1502349659314477
2.0 0.3 0.19255886510277542
2.0 0.4 0.06461585229378475
2.0 0.5 0.1709555716975344
2.0 0.6 0.1942686491815666
2.0 0.7 0.12949547360817237
2.0 0.8 0.19036079319214072
2.0 0.9 0.1833301642398718
2.0 1.0 0.03527235609437354
2.0 1.1 0.04058811471827117
2.0 1.2 0.015427877099145837
2.0 1.3 0.027597422220825285
2.0 1.4 0.12922699866649223
2.0 1.5 0.1582431548891634
2.0 1.6 0.058213527949674215
2.0 1.7 0.15142305012221424
2.0 1.8 0.14422371832379421
2.0 1.9 0.16374944907179723
2.0 2.0 0.952460167482807
