1000
   0.066939896003781    0.659928415277939   -1.990807014059370
   1.381271408582698    0.844973364307067   -0.078138445222755
   0.412530277116471    0.500256901839868    1.534703621633663
   1.273117048327400    1.727244761645442    1.866491504991675
   0.603311262374423    0.049847870157029   -1.991200940797801
   0.729985418138087    1.530761964400654   -1.814163734497483
   0.635720526164267    0.271456785626457    0.929845033586809
   0.213490516046756    1.521343144365281   -1.851417837787466
   0.163344565855034    1.101912417030853    1.151379553792834
   1.129303778116267    1.486541013925588   -1.521826417884299
   1.963520299626291    0.437699586356850    1.744227727336999
   0.908791841430958    1.037308046145974    0.902543885091067
   1.147683456143217    1.110462080273061    1.001479518504262
   1.457092510283502    1.257747881700167   -0.702607660598388
   1.592256260845929    1.167431638188396    0.463693991513380
   0.549532876605882    1.659196156849710   -1.642765507019200
   1.827360053466335    1.930804285188580    1.237770890034741
   0.504169520225455    0.239890329651483    1.028549503023732
   0.431061186097125    1.777286568552855    0.446379740199006
   1.967135092228248    1.034372449402871    0.187208031211447
   1.827134439641207    0.697120509435013    1.503309808804861
   0.565134412872202    0.462854964874152    1.363008726990516
   0.968577295061470    0.778624928918958   -1.478036410300273
   1.984198110170755    1.131921860916504   -0.821501708135706
   1.880537346881133    1.113501887355699    1.130582670428579
   0.618462873910769    1.844057645576102    1.598817431895009
   1.551201474643872    1.527254715341728    1.693752164855251
   0.881365690790753    0.698884929855766   -1.833216179012073
   0.637716795614789    0.338458200142932    1.702978935769044
   1.956632811555933    0.229973055529396    1.558495520311166
   1.505889838331328    0.506165688161815   -1.185242758871726
   1.889169212379106    1.333249891797663   -0.943192203849833
   0.436969972419073    0.393338731673238    1.890870145145283
   1.573140221449146    0.868031159447521   -1.879179335809505
   0.170625299294770    1.540275312746072   -1.992975713826735
   1.902403608850392    1.997759738935977    1.990407342124615
   0.237395821249762    0.467538020791271    0.951053813352035
   0.460614703810129    1.205973116311232    1.417216167175228
   1.246162949710229    0.444812813049561    1.863225299708330
   0.337894977227736    1.126700295660040    0.377869776177067
   1.558314700405260    0.956357851138505   -1.726035656817772
   0.970757940304819    1.109516174117809    1.976778550435025
   0.483612566480233    1.852123631095571    1.633618887351568
   1.808401103973575    1.121329362095021    1.880670576408059
   0.190581830307181    1.765033915529509    0.882299469411923
   1.351302417624417    1.696471669569831    1.708132593261102
   0.271199602760002    1.240471629072200    1.989228145916010
   1.029721560436171    0.708169575179075   -1.115407769435946
   1.633810360745439    0.602861780953995   -1.850507061749916
   1.576200734626595    1.804435660040209   -1.866145308537049
   0.143137093700067    1.478604342545664   -1.673849209885078
   1.802195398976186    0.380532914949829    0.976825366207859
   1.946142363336935    0.262810101854992    1.738137077311377
   1.586506032192384    1.192305313047164    0.623210826503367
   0.707622914904553    1.924401009420120    1.934128037456825
   0.319005607775881    0.265937614378490    0.363579533896855
   0.880758859627302    1.289763549012022    1.221809104214723
   1.375453789427622    1.364371426107535   -0.521306835225965
   1.141887179176271    1.183854892469875    0.091308215599383
   0.485700787271234    1.332469010414774    1.781379243447838
   0.948888807068061    1.837003204895651    1.998864640462157
   1.028940679053283    1.220088409828063    0.941222270496232
   1.077474833036528    0.058662238558131    1.666475914604589
   1.928257985938461    0.711285192850644    1.910172007094121
   0.661524019512126    1.504458719633733   -1.361595674774019
   0.515720852890853    0.804661113212193    0.181605808261964
   0.983063062179397    0.317916250935717   -1.800878921416172
   1.185194029093345    0.929205424585010    1.946765723706154
   0.580726352790709    0.771700060354406    0.604786875207170
   0.121510736700851    1.288349267695262    1.257254584384712
   0.696101068843203    0.440516345408054    1.775423064836009
   1.554286882073752    1.576859928470505    1.190592597550561
   1.730279894420076    0.929740670570052    0.897527735054043
   0.941231354578040    0.872167072665024   -0.977915040711443
   0.113595563039927    1.426932141849274   -1.158306756953957
   0.204636082148476    1.062484370107988    0.139868032109502
   1.263935346744925    1.233576761201758   -1.838686018732447
   0.282572779936051    0.341410178850130    0.870646391603421
   1.292238999759890    0.210830764943189    1.673308464259197
   1.052695372632097    1.953763020203338    0.309062389717536
   1.715289484576923    1.568416225522950   -0.912251228388729
   0.758424132484209    0.698352545824997   -0.231713782508627
   1.886332476458667    1.943618161577554    1.837826365074402
   1.627557971341330    0.467058828318053   -1.919426616390534
   0.715318221000637    1.749068708042181    0.216661725832199
   1.755408096013315    1.411419289843840    0.386177663076733
   0.189585052518912    1.309694977155744    1.367947011587836
   0.988279218314346    1.919864946938988    1.277994065053816
   0.239435647725796    1.929510572892386    1.847168057116154
   0.792032019604012    0.353031210765723   -0.254699772651186
   1.356442713810337    0.996668101752488   -0.915730300766298
   1.415515580873711    0.620378059623939    0.379329639960636
   0.230244862954246    1.698088360809762   -0.563386035066869
   0.961788239405392    1.522483862714136   -1.950165709491356
   1.908919125752952    0.014483611106166    1.442609157394336
   1.476246881986152    1.624208610329874    1.460510374577759
   1.582899836629117    0.234671014470361   -1.976411305503714
   0.322561155223549    1.469232312156461   -0.831244110810447
   0.178289175116592    1.950119126564879    1.508089171747323
   1.936291140474515    0.893607397048551    1.456116623964543
   1.699187834607059    1.691699235556507   -1.862802889425620
   0.305026685961069    1.888772887125971    1.987189961851273
   1.001394211780929    1.293305904275414    0.080086846263968
   1.808637834064959    1.240829859506725    1.242188434672289
   1.222816476236478    0.600669852737649    1.698693480165465
   1.593861070272448    0.579259190046815   -1.999199939157885
   1.597337954490137    1.009376651146159   -0.902872449759753
   1.199637249670754    1.827582817444384    1.290580723527051
   0.707465011024598    0.161425488144823   -1.474824789254736
   1.350066680158519    0.616384136777550    1.495689005074181
   0.175909099250990    0.826313561213349   -1.987175011398414
   0.240592746176102    1.758808935880106    0.564665054958035
   1.060984575683710    0.563153901399651   -1.191024466710800
   1.228041247105245    1.239273751731624   -1.628005064228560
   0.513273027964529    1.164332386648437    0.707288707173464
   0.132881147848853    0.212460861640266   -1.997581633462815
   0.856031621273622    0.437907833809921   -0.910160939667653
   0.101233747834914    1.857425833985873    1.999885660123005
   1.731213739016658    1.909871581899874   -0.262407002113644
   1.098255692561276    0.954030214321814    1.883073521085431
   0.510541433706200    0.692116762833724    1.876498945357213
   1.533289404368628    0.107879388196338   -1.996827931235944
   1.701493413979883    0.732926654039382   -0.643804759780478
   1.935462205640721    0.408958424073159    1.939643889920826
   0.894352142184205    1.285528884867918    1.186654745435729
   1.025342560850709    1.070261242366518    1.989931418831586
   0.111842446081267    1.265935307026811    1.486647504566791
   0.829070177315301    1.172827021764977    1.868889815900900
   1.829089209357784    0.057111424420546    1.983693740882606
   0.412100772565278    0.342362236390990    1.945454322398955
   1.221443811068984    0.544981920414130    1.621301073053814
   0.554823098031256    0.077475432342605   -1.799390964779630
   0.982889755155374    0.656056845866170   -1.870087402047252
   1.934901266328479    0.714103493240710    1.864148177299630
   0.565928427766044    1.033156957958432   -1.580243883338087
   1.668133707562524    1.076469861472244    0.887831182188565
   1.725273720792156    1.201423111931152    1.999647531374182
   1.184349249668582    1.426767133840717   -1.730670085052539
   1.934349765970534    1.119811455309303    0.164975736575220
   1.835725558845199    0.828701907223417    1.856279324563846
   0.405340339245899    0.861068118764585   -1.114564863987013
   1.898963149589935    0.517182785327166    1.978581875087558
   0.127003425791396    0.728033326905236   -1.885110745416147
   1.690009808023465    1.956092635149179   -0.088822819733020
   0.785144751325783    0.102110579657420   -1.966696532531454
   0.298454870608847    0.006588561463444   -1.630677406526240
   0.647092501002873    0.853277968640103   -1.265617459699531
   0.084063993806049    1.629982256158247   -1.003025307860339
   1.509334814506273    0.018965259203205   -1.965709803730330
   0.344085748467634    0.075263241340994   -1.964799669271847
   1.052122218092960    0.012219455098835    1.767764880865540
   1.151733103744561    0.777395937953794    1.434607953812301
   1.213642567029988    0.336082352481821    1.723869468359134
   0.204163071794511    1.147992332069200    1.489434854524369
   1.455893807791124    0.039888629708387   -1.852151256054899
   1.976694240223940    1.861234147968345    1.887787914595488
   0.900956748472972    1.875657388882552    1.963316576475978
   0.378416932364189    1.027960174264368   -1.522704392044261
   0.603690714856466    0.068426739456331   -1.925479534051576
   0.984052808482225    1.388835466182248   -1.282565209042823
   0.170537320045073    1.282507679091072    1.608494061017809
   1.395424028577015    0.817629821047946   -0.152116883693794
   0.135785646799852    1.479488022383064   -1.709777430358885
   0.447612076274870    1.645120462237448   -1.785298529298859
   1.498453282517592    0.791697824742504   -1.657788907039548
   1.720383703578442    0.550575499679230   -0.689661088946200
   0.803917279841340    0.872116806391681   -1.991513077658494
   1.327971437633024    0.017559846871328   -0.314572153284312
   1.208199159804824    1.532134509427536   -0.097944634046828
   1.165552178940527    0.664092966664626    1.082022910580175
   1.572023139135923    1.142246418233144   -0.138917494086484
   0.525327113701649    0.472979887608895    0.723872861093725
   1.017903807115696    0.903744046997160    0.559728412483955
   1.500940061873263    1.621594521972162    1.250026070552906
   0.972170786453491    0.484992870355487   -1.999863037606337
   1.010429988154410    1.142708106498564    1.876397172743562
   1.767500549446559    0.405854015800103    0.286117239581702
   1.960337927546510    1.903286197177733    1.972024735332464
   1.885342038183167    0.407950002890057    1.936232232857364
   1.548406658483859    1.383795319769436    1.822123970457364
   1.199647827632561    1.268790361130978   -1.649943330367258
   1.934370819448666    0.003565107473901    1.010148147532621
   0.140907167522659    1.262342257081690    1.680729084268234
   0.021124954345229    1.349106327327483   -0.635906490929549
   0.794476765577903    1.186677133285756    1.855527172451445
   0.013199293060787    0.366499904713826   -1.888587003707583
   0.328923551518900    0.538526407693758    1.966672603211783
   0.839479792322721    1.346827358634596    0.593684939054493
   1.442270454690918    0.340419853264661   -0.263435065265443
   0.968421879675436    0.414441240213086   -1.997567373564370
   0.825412723620149    1.978851867829846    1.071930616279410
   1.557149347642972    0.592913273066708   -1.854849815298702
   0.384705882698626    1.517487274258159   -1.455736232458952
   0.496199469313118    0.270047920881793    1.491630493766236
   1.925437278079538    0.044606126865654    1.354211922061836
   1.653843240651229    1.125085104780777    1.056359284170231
   1.313396487996632    1.588214060099895    1.703942568197879
   1.128650212254678    1.454303655519292   -1.816252997487712
   0.850556316250263    1.149775166599907    1.782311772391923
   0.803409981915453    1.645033081828166   -1.320079982837442
   0.336452299885662    0.816609275907562   -0.819103987674882
   0.011532985610670    0.665375851404563   -1.805533501152717
   1.355135683601320    0.851012777933391    0.360104360559473
   0.012203209107836    0.797406137360915   -1.079392944681206
   1.191432632129375    0.980625088783272    1.687349444824081
   1.211847377574000    0.016845354818201    1.464327308055708
   0.959476956613118    0.768996724285649   -1.637140133840078
   0.609758627884909    1.344182839311745    1.581331749399151
   0.286483998543808    1.105958097198027    0.282187316993975
   1.614230760193537    0.211921275692024   -1.742438153191385
   1.150564224063682    1.268074000844766   -1.195776454883289
   1.337006380472801    0.463960712060314    1.731812172264716
   0.856288060013339    0.465656592727479   -0.847899346080027
   1.918264367579606    1.706844376263602   -0.450365938891710
   1.615431759327385    0.721674349495058   -1.859633600608889
   1.351877457160446    1.951884059213048   -1.804985757774812
   1.538283625402620    1.363410443702438    1.612009978520647
   0.617259909686288    0.893419308072617   -1.642537589538223
   0.214423220704507    0.629463118794124    0.012147168485652
   1.690825445433532    1.405855852833882    1.357233362891330
   1.610088208508719    0.902672822076209   -1.374540586347063
   1.422701208583406    0.569565164190515    0.341477578949654
   1.671669547293181    0.032459835536992    0.097387374069915
   1.913748003502259    1.958153545836990    1.987799018184439
   1.138417933666342    1.527978763695796   -0.897686878726355
   0.170074820597691    0.288982156798701   -1.399106943260545
   0.796052763609240    1.507081201070492   -1.756483437633432
   0.752942868859015    1.652340823622579   -1.390286054591840
   1.972737793797971    0.671207236438620    1.543265659364751
   1.359185198954858    1.588169553125356    1.926245373436515
   1.392881585933679    0.711062655183981    0.494602358689112
   1.540053611407082    0.931165210404976   -1.931090153405147
   0.074473097955097    0.157313521093369   -1.461751722951191
   1.824584518477593    0.288896319590926    1.498119092895546
   0.786776639887493    1.515409962979802   -1.805841221894174
   1.694752172424808    0.396864847464890   -1.086690210105417
   0.418082784124689    1.117453380076892   -0.109043833035678
   0.966430011655404    0.089752330486547   -0.142721426864154
   1.149913216545206    0.880178015157663    1.895584848094671
   0.047905875392214    0.288331149280225   -1.922369063483761
   0.408156777922137    0.217980695989905    0.349433037863071
   0.577313306078926    1.204209541531377    1.436415400858769
   1.725061897991720    1.330256175869264    1.577742516666033
   0.856550364222634    1.697799690858368   -0.137814377280220
   0.001463411376562    0.215735562246170   -1.035684138964669
   1.285969243052401    1.394344997310240   -1.226339774686233
   0.926798217430151    0.826022854459483   -1.582014162497095
   0.325510206783894    1.001271316316571   -1.655918384636760
   0.983336375552852    0.150094724330164   -0.621936430554384
   1.290167635907497    1.770113015440345    1.362566549925638
   1.665504687309966    0.984919807400983    0.114361710730561
   0.166977862905235    0.083587470503332   -1.628199026755759
   0.102373187477874    1.133407874560639    1.860823958644863
   0.173339801921202    1.252286404023080    1.880459403390292
   0.013585888786980    0.221245677313416   -1.252782552839904
   1.540617553303306    0.421742666709117   -1.694494927696489
   0.439226374234644    0.117930858450910   -1.329458660311836
   1.625952208240494    0.164288271295041   -1.458228795252718
   1.448187034320173    0.482502571531805   -0.117345956763599
   1.862087962153409    1.449650445696735   -1.562434263049653
   0.698238133777975    1.148057205205810    0.947966290481476
   0.843995442075653    1.625036352139449   -1.437286328598059
   1.974080059665293    1.169505648859546   -0.927108476451198
   0.626307667524697    0.957416434286822   -1.998913700789628
   1.319600373189710    1.916475303432194   -1.221618050535815
   0.727529448795845    0.985105059568353   -1.597296887461990
   0.901395109901854    0.894507311701080   -1.218468481402988
   1.068692531003008    1.003768297379729    1.934488916885419
   0.027915186261719    1.242032332924210    1.178336733434926
   0.256054700471486    0.041501075048699   -1.772907849854340
   1.463278010237626    1.796672253774792   -0.861369664525795
   0.463243742689138    1.902504384472270    1.988496154414690
   1.914603113157024    0.089195949998310    1.658217897935051
   0.066792654835988    1.362790146545875   -0.455229562089593
   0.571698522461438    1.928880617920719    1.971299182317878
   0.812440592242610    1.269936656239413    1.796364309128579
   1.076937822195207    1.656436034318263    0.699411818721524
   0.894973007447539    1.051017880929177    0.952482345237962
   0.825941683177809    1.521280674972237   -1.924711188694621
   0.008434314284676    0.145542055436197   -0.442010144558734
   1.437755977473108    0.735963763080520   -0.485304397398916
   1.130647115935873    0.339151087374962    0.446563160862244
   1.630471075712923    0.199339646007558   -1.526944017667177
   1.342919384754691    1.658386261974641    1.964409818710858
   1.441371978931768    1.598974086157500    1.889978409506434
   1.699887337023340    0.904649988238071    0.192608727594232
   1.395646339000969    0.163131078781155   -0.287501279644318
   0.807154372710341    1.310249451226671    1.377305663592368
   0.252327029710788    0.873947027546329   -1.948647407623276
   0.673039597772546    0.824025552172226   -1.014103690012157
   0.802827644535726    1.485480190015156   -1.547587747979278
   0.093962207480316    1.879765466730932    1.940017742422135
   1.141916223402096    0.988935215859178    1.953874923851916
   0.930783346728786    1.967857906579905    0.797792203903340
   0.510215889900092    0.939217661013462   -1.899083677674546
   0.113399962016102    1.947971868304523    1.320315193833098
   1.675181425025305    1.244047077951975    1.948254106507090
   0.287122954748163    1.305652499806905    1.774875138877463
   1.443386723959533    1.630042339502854    1.669101917767527
   0.964038760850224    0.884758701959978   -0.504795017152023
   1.229016424729031    0.663926096942241    1.855999570994689
   1.789408690198049    0.624662763730000    0.756378370532273
   0.827057176654719    0.596563061977068   -0.530669994961864
   1.934912214956671    1.079384206365507    0.462334171148905
   1.470510090454719    0.607951811797894   -0.667307672331982
   1.903409758537733    0.273337734059122    1.993795116577527
   0.093432000881728    1.997371966018049    0.381840024134516
   0.153103200790055    1.235348225215146    1.923942620435395
   0.986307180945905    1.083886547518841    1.935236787714527
   1.203206130863729    1.496523071777319   -0.722905716814503
   0.023104208532304    1.316606092879831   -0.063657342976115
   1.444494939150519    1.698285633557609    0.870493332500588
   0.560653169900483    1.731617893898682   -0.466203068083446
   1.003938132433192    0.004039892928693    1.417024816713877
   1.361660232470213    1.967976893283416   -1.934330938712679
   0.888798594888672    0.590676657199243   -1.503527319205897
   0.631902989294335    0.678207285086721    1.596605899095719
   1.215339420929243    1.458960165949054   -1.133593433485840
   1.274770347063788    1.150251634954592   -1.273142587176302
   0.538344371383239    0.745280436587185    1.224649267518009
   1.758203447683809    0.441754128989649    0.058268743760550
   1.018618171577630    1.851635448565537    1.885510327820926
   0.439126095007698    1.171721372367684    0.890682078868183
   1.086983672849361    1.425433275953603   -1.998655712197608
   0.255607918955203    0.290189803713090   -0.158629204788508
   0.921956346799599    0.278712127487507   -1.997273150274996
   1.606795896592921    0.366451285018796   -1.976738596550782
   1.976997761045116    0.167449066493404    1.076297248001978
   0.098069177986155    0.980935892546985   -0.030856342380716
   0.171488959422097    1.459729411387690   -1.317544956248222
   0.948912784899079    1.060287555242091    1.561997439365293
   0.050406067655611    1.580815775124736   -1.516207157741635
   1.738494840328812    1.265745488584854    1.823014771586693
   1.039775940142468    1.013265186461278    1.837812826688076
   0.415997122608124    1.578120312457029   -1.967077714311734
   1.758545623979785    0.174200569360610    0.840908903492964
   0.019874440515355    0.777163794626092   -1.347625888271281
   0.025836017926147    0.459000535523054   -1.997796730810412
   1.948885166993777    1.112819690775508   -0.047166208325111
   1.884433812407979    0.204493085017657    1.999637574327247
   1.403009494488598    0.806390158276255   -0.221445006468739
   0.483205213436487    1.009805391081518   -1.851009193521614
   1.172841444226374    0.460202973550280    0.882495043646076
   1.177254457574922    1.270910622212529   -1.484856486813118
   1.441138867028588    1.348743416997019    0.213313586321644
   0.730640032668896    0.390051650996344    1.106948223183219
   0.409030971307788    0.781046100324507    0.372951578458674
   1.970867426121080    0.147525810705277    1.100819391170104
   0.046791587978039    1.010643366263548    1.035750966071271
   1.160790998097877    0.462788711517485    0.657904424983289
   0.588763677789254    0.919336621146340   -1.821164051727258
   0.636989280878096    0.608638118304609    1.968547054866232
   1.696500415772433    0.662825298804243   -0.943165181784855
   1.067638654758986    1.645385581834887    0.430419562041619
   1.775644990511073    0.952072466235642    1.646869003233973
   1.849878666852544    1.178654484068348    1.127980177012794
   1.758462624511897    0.333083879357709    0.256229009812756
   0.188459874218544    0.931304067806948   -1.641422520035735
   0.793286853839311    1.365714331793466    0.561022595632782
   0.202214690019477    0.234425719936577   -1.500536012375617
   0.714457748790485    0.932854722688373   -1.986021969322082
   0.624477370932921    1.123488720098272    0.149351189296653
   1.713900823944202    0.595344797054001   -0.760332566169812
   1.271014531734872    1.760692411922241    1.603536033698220
   1.605988163317548    0.431805528901427   -1.992726357286507
   0.223481122508403    0.194751840175480   -1.657795562327821
   1.351142150047767    0.860470404317822    0.361010301922876
   0.803389958480089    1.047642564888877   -0.045059429161161
   1.523295703122064    1.871028613239074   -1.970928743441900
   0.693028145792442    1.298940692701815    1.868032444041355
   0.823101078543393    0.542906811713663   -0.235021866663018
   0.477595176770163    0.581563703055290    1.497069363384110
   0.875990692002694    0.666055050988707   -1.648275774108410
   1.512867770862238    1.669277545842006    0.472062543383463
   0.031769382782173    1.715082460881715    0.879644533823189
   1.903703265778582    0.746227131572658    1.986975676306498
   0.647937183570088    0.528180635780180    1.995799458076238
   1.869715851670930    0.361838006582967    1.864290381048232
   1.123525432834181    1.140730382474479    0.931198468320256
   0.122530417573885    0.729513595220406   -1.913778752721222
   1.572535911375906    0.346011541013611   -1.974379561885694
   0.924265435395886    0.923678060492351   -0.566762204016826
   1.206481945331433    1.727655394807297    1.999267560550984
   1.971320625381228    0.729777647522175    1.457390508785098
   1.598684007115049    0.664348770242347   -1.987129788735048
   0.028718340223990    0.421785085658443   -1.995790722983627
   1.207255582887333    0.506313516994153    1.420217023318850
   1.003348788713733    0.083246273958705    0.498048321003871
   1.172368567982860    0.516216558644649    0.856319933023568
   1.752523819800710    1.204137950765033    1.946582335389050
   0.231299019526364    1.656227084647970   -1.282278527244245
   1.950365082337691    0.879236203096451    1.313804146658956
   0.184407719496827    1.820080934008621    1.689867220362054
   1.241074209679418    1.307933153262331   -1.998960665779593
   0.960811315551778    1.363604627253304   -0.711631697149940
   0.037446747551415    0.533347226927684   -1.994399884603034
   1.709616168266915    0.961712183878623    0.743736305128845
   1.457025287420035    0.916098112667025   -1.694626943621744
   0.689367577754598    1.428345912801263   -0.099663596899050
   1.645875761120522    0.288051583938325   -1.582982236888240
   0.092694682112287    1.674594101344512   -0.267752423231419
   0.709836669596767    1.299950264999620    1.829298805540824
   0.180907617407342    1.713185458310500   -0.043784744066040
   1.383196538958324    1.353276185390202   -0.563910894184133
   0.229402016955149    1.135720357827712    1.171759888140767
   0.557414136155236    0.460701036481513    1.281934838326099
   0.791947441544359    0.507779217561604    0.438570829909578
   1.339937239577965    0.976355161972509   -0.458590937184568
   0.327860150638903    0.581011448326060    1.890979184257767
   0.284288314303517    1.288671467122003    1.896947513562726
   1.944616075579364    0.321735061854932    1.827344399993175
   1.822018694049687    1.654232243846279   -1.926938890237787
   1.283447245733555    1.279043980538400   -1.997196846572382
   0.570330355581981    1.972814823488153    1.641853881691565
   0.707389892408340    0.216206115771181   -0.729508290821023
   0.260866407426478    0.800084575451950   -1.281595338674657
   1.890800217115693    0.970703077023245    1.709454797025741
   0.100034839520247    0.071707833591713   -0.821173285655802
   0.683888535333745    1.483231379409894   -1.092727209766702
   1.424984019913238    0.913290552288895   -1.298175240825702
   0.618951736306284    1.982398156068473    1.484381333923664
   1.373991588770408    1.410899178781965    0.114758844853583
   0.490177372698755    0.713928827417050    1.682996556895326
   0.387254339823152    0.818037524268980   -0.461238330470620
   1.294940275743110    0.671542654126670    1.922990679867135
   0.106708990459661    1.239556350391152    1.733345302059394
   0.993277715981602    1.928727684509348    1.117897130233282
   0.893788593306108    0.276724961715157   -1.965663697981848
   1.207771664116425    1.464118949819412   -1.139433663178981
   0.249539784271987    1.915161557456088    1.945318749379613
   1.680325065590593    0.510406191698465   -1.381695935781978
   0.715246131976715    1.571125282706286   -1.995075418485040
   1.481109269653032    0.815280971496962   -1.542052624319044
   1.642833116297998    0.164997804055455   -1.221734771931381
   0.298512349975534    1.067817135279913   -0.510535354217576
   1.078288356344350    0.917464087213140    1.501360655044537
   1.050215290417064    0.452279944183435   -1.378389927958358
   0.328363265063783    1.540392664047141   -1.800005165123890
   1.166208771600485    0.715617604886935    1.317470182903514
   0.358430187384798    0.461149046412273    1.989450383066917
   1.387160259013605    0.465139177844459    1.039107783012905
   1.700705396803424    0.380437974063884   -0.958738126945675
   0.393866861422484    0.594493990109532    1.977612935189321
   0.657162935779040    1.601638525538909   -1.982508272843780
   0.058612938997621    0.906702720982350   -0.555155655823704
   1.516800082063675    1.738938004588214   -0.628503655978309
   1.417108912680815    0.232046213109068   -0.258751159456773
   1.310063286363177    0.898218181402524    0.775630389056216
   1.047327185537353    0.952896402661175    1.463537476411786
   1.063215985457979    1.345839535512887   -1.344426414712454
   0.020713537009765    0.141504340871006   -0.587054664102291
   0.263303621794704    1.070928828358152   -0.205024375774584
   0.593784285054442    0.591666886858487    1.933101932831679
   0.611321491473970    1.759993056654927    0.165094160155455
   1.307284491745422    0.969751678858768    0.169151360133386
   0.221142102135877    0.694444749827704   -0.510242919744890
   1.434890856703227    1.921847499870624   -1.931702335634733
   1.074882724822910    1.828757718125711    1.885039888970098
   0.516341489048834    1.732045660601950   -0.484783402483784
   1.430396242733298    0.574954428046455    0.181095683186074
   0.638748380652977    0.947196324796973   -1.999092364013561
   0.313892431703346    0.055857293333792   -1.989359639822683
   1.179242537906041    1.623955718997845    1.072875700830997
   0.954075474736316    0.226569722512071   -1.664025821768828
   0.576852120727697    0.017291460194295   -1.969281595348057
   1.572409258956280    0.597565657737463   -1.948605653246581
   0.158795801065301    1.835712880750984    1.877971921362719
   1.668494486095614    0.752580087051066   -1.148283319538378
   0.427379767609471    0.279815976638261    1.466496201691749
   0.512573142774670    1.734664259354893   -0.434678730241829
   1.249567655497029    0.733715245841870    1.999994274941449
   0.429109009182597    0.684458511268934    1.837950181856735
   0.655562744781171    1.503991734005507   -1.341088787532406
   0.513216228463322    1.171904233830005    0.846730548974317
   1.236037393676134    1.943612472127943   -0.952277341423456
   1.746858661876460    1.874785775260434   -0.571278193160331
   0.890808795993593    0.060751092648483   -0.785840465419479
   1.930643068594226    0.070051332968311    1.391462969112170
   1.684706811646329    0.884718542399220   -0.220139919653690
   0.296621056411705    0.261558931442704    0.015262445098773
   0.902010002593514    1.869030315367985    1.982817568284829
   0.859124590111489    1.060805804590139    0.734770695384578
   1.704743195187647    0.527619075275780   -0.986415229630941
   1.813385891641204    0.132122961865795    1.757244825085622
   0.807435052845364    0.325959033484552   -0.762604710084839
   1.866787222152011    0.057002707411071    1.947016474501877
   1.059674279326421    0.295896230403286   -0.640304551382395
   0.741461219611327    1.715237024107593   -0.351046053276201
   1.799887964408793    1.254677448074649    1.253183544367409
   0.887141257006275    1.035925357153604    0.644538714756435
   1.198289919271269    0.633999917951412    1.471972901162973
   0.910711131482716    0.089098714333539   -0.912022289828860
   0.694751011531218    0.841354199145620   -1.418492302295674
   0.159150048233173    0.379457822246225   -0.912504173859905
   1.726072742476162    0.455771104644877   -0.586583692586113
   0.641016754620251    0.628082744138354    1.889332194847210
   0.324801419081540    1.500141344731739   -1.332139416250670
   1.688888548728492    0.029544613337864    0.435478549727359
   0.027760419076197    1.502274439438374   -1.992952229148676
   0.161667576134981    0.835195471921561   -1.997478070073202
   1.828233473854248    0.028454797355670    1.998182753701120
   0.892198180263954    0.887907752249347   -1.387841453259958
   0.324351027758956    1.633659399875281   -1.777406052578942
   0.603144776356940    0.124238991236425   -1.370592990365331
   0.888336847018607    1.490286033363215   -1.872843220184990
   1.160164348390030    0.086626766289876    1.995786528689210
   0.124285951314627    0.070875479872746   -1.095377932332011
   0.175725480623415    0.819036962845846   -1.973379600698716
   0.912229679018366    0.334875528856588   -1.926645494612731
   1.198494785092070    0.638302420563205    1.485765025997281
   0.790646633501466    1.839511539712321    1.817634477251930
   1.266385165632882    1.115448052583005   -0.786888940373720
   1.339652883512738    0.955273713430052   -0.252554395862111
   1.144992666852191    1.367413303520257   -1.965422171618707
   0.457548152868426    1.306660242987173    1.950129558045845
   0.202608774510496    0.285781625791351   -0.999876436850768
   1.335115040342843    1.094806954774450   -1.473278265563125
   1.173689378040698    1.659466068101798    1.493813701996037
   0.728466353718409    1.776834154397638    0.787596601517063
   1.783705059338224    1.616803201668338   -1.930903454739382
   1.267120187760852    0.943869406796931    1.065710586684308
   1.703429967958215    1.391406139075479    1.336449888130312
   1.014744886669677    1.879155448581630    1.668885380361291
   0.210443100990003    1.926974566619366    1.823398749679646
   0.214030977438218    1.408937886082073   -0.207314909467684
   0.565276986251249    1.004677610939684   -1.859967320620399
   1.248449425794393    1.831662151884130    0.837672482418544
   0.120125663522689    0.588102308375809   -1.374909126138899
   0.786935865314182    1.265118330374881    1.900010495159833
   1.955515611896066    1.244484018182607   -1.195485295228164
   0.571778572430731    0.158124386406562   -0.688992869919373
   1.530265643973959    1.906893612773574   -1.974733759545948
   1.252931341181011    0.703955021083334    1.997157675614401
   1.566359679944049    1.981397695830743   -1.123856031539553
   0.480789175480972    1.350064738350951    1.593575122071204
   1.598200896567759    1.747909363241824   -1.585469603564989
   0.293934144216559    1.301630863594651    1.823768090432926
   1.139315501385981    1.308679031817559   -1.546421491583318
   1.180786311244958    1.349758602375984   -1.988512023486604
   1.235653597505602    1.394817288683177   -1.663661537029233
   0.758696487526734    1.800930583756850    1.284847622421741
   0.399494899622861    0.007145912389805   -1.899984379114174
   1.632592735640981    0.519620563145550   -1.890750549250016
   0.595248221696936    0.419528600023840    1.896012113163583
   1.784738893520431    0.550763832661679    0.573904098864116
   1.664012618206447    0.356517465019840   -1.486808232685070
   0.708888219068241    1.194278261249083    1.646409190019982
   0.263411076862091    1.961819561180575    1.566095417691728
   1.898233282332417    1.829770756806140    0.863476949656011
   1.943217256079995    0.379022456882066    1.881730154207087
   1.179835494225768    1.541418151716431   -0.258511430438291
   0.126931819192568    1.473769638442327   -1.686287818437007
   0.843049014379759    1.266247320578549    1.714017504541832
   0.782448669328563    0.023835324693395   -1.358661621561319
   0.616005922023210    0.018102265902843   -1.940637449568840
   1.418652614307894    1.374702410481266    0.236191363117393
   1.819032850591015    1.818147513930755   -0.401010626338233
   1.381848322871071    1.451625585300673    0.792874927453904
   0.337768076144982    1.977096544568006    1.500147922625989
   1.871154185324513    0.122506968734091    1.992860031123173
   0.527860377229685    1.535166802599638   -1.604003041187918
   0.479024433753930    1.236748596297926    1.770736903116173
   0.729445062917399    0.742435510616021   -0.390222742809340
   1.198568156547178    0.627678344318493    1.459857321586377
   0.572206266490839    1.141785411695850    0.348531665570756
   1.006700802131882    1.752041760716607    1.615700269272326
   0.683203562480958    1.133632621324450    0.615211687027018
   1.225811398227611    1.526252576860717    0.006841390198044
   0.399879941902999    0.008260067556175   -1.907152939216736
   1.550087902485434    1.015885863926208   -1.524394241391070
   0.026362333459017    0.968740515862005    0.742815374254000
   0.390588273476152    1.845395184050032    1.605623746012918
   0.786888028861437    1.772436597278545    0.918943656368226
   1.297020768419384    1.124656105006419   -1.290896672582529
   1.749533140915229    1.168174952812574    1.998944708352640
   1.247163073740510    0.277393517213591    1.996661441578025
   0.703341754480890    1.726187507494440   -0.273214349269346
   1.514142114442839    1.432786817398289    1.872998175478741
   0.468623017179139    0.712710270058694    1.673665849905472
   0.060465161716782    1.040829283669977    1.266802622616473
   1.854495682685867    1.067165963848664    1.707865012554811
   0.792871043455261    0.537699244235502    0.375199823888929
   0.200798584241792    0.018682440751550   -1.155288071691341
   0.063951821096219    0.600678526144791   -1.944004801254540
   0.026942508307724    1.614039723581653   -0.893622646808122
   1.616564391002322    0.053304842698064   -1.028866008349574
   0.582780238512335    0.007152663547151   -1.919255223603171
   1.898700026748097    1.369668267373773   -1.381124915916555
   1.779589260825696    1.195720795167480    1.819779897559059
   0.494324371448869    1.529122401740925   -1.524267542972454
   0.363895747048732    1.741487445189379   -0.154074101646348
   1.806515918954516    1.067237502460944    1.988726788057471
   1.467674951752496    1.320658032466033    0.242823550000152
   0.500024318927910    1.936297968931635    1.949224910774712
   0.033368302524727    0.560489480644692   -1.999950592302889
   0.977127251670289    1.887863985210594    1.716731164193827
   1.627655444493357    1.769998295125551   -1.913641208136705
   0.425563228514773    1.828454029666471    1.347109711532477
   1.788680735877101    0.489515049610992    0.630771789120959
   0.429132554879939    1.815623245116148    1.143988031697090
   0.103554772261323    0.045696944950939   -0.501763292406469
   1.868928087814212    0.686335010773658    1.897429638854101
   0.052849609429412    1.767628113630986    1.535659418416062
   0.056003277216108    1.832438870255108    1.991449676687289
   0.963348907867143    0.550327648664977   -1.997333096706868
   1.361561271064710    1.327244655847198   -1.165720496221313
   0.291815092923034    1.168077190019226    1.310394191409904
   0.394482157376819    1.759490044675530    0.145178268903957
   0.488735221553936    0.894506476304730   -1.441772262311404
   1.695788012675842    0.522103524078663   -1.139904598063711
   1.454995957880745    0.672915263414809   -0.553600648692458
   0.409967508357934    1.082651401442779   -0.755789915554116
   0.442913557609037    0.835530737804030   -0.517892491682682
   0.911105430177928    0.231594293486138   -1.961203458640339
   1.325045787415023    1.340237985989190   -1.421475105657385
   0.047217537670963    1.428600560607668   -1.574450432646050
   1.385934930940128    1.916145625485175   -1.679013614343196
   0.114935570450004    1.438784540369541   -1.321921833398276
   1.683773738184838    0.170938848597435   -0.552300815406655
   1.271223410624649    0.647122646051982    1.999992860161308
   0.721266497262412    0.632784680758037    1.064195983652185
   1.974367301899179    1.013081591116768    0.193760194634294
   1.800861870777263    0.368849458344676    0.973198364209627
   0.772571634860975    0.289597092331199   -0.594344179510596
   1.263355934649406    0.468359647536818    1.954434642385119
   0.811700616409863    0.718351891598828   -1.232739742120189
   1.141274910951627    1.221668125699120   -0.454855902872779
   1.801003293972930    1.584188469491987   -1.883250927637545
   0.057198862571828    0.712108723219535   -1.961148906067547
   1.815782762978125    1.382244649986850   -0.266960337435583
   0.052346708277402    1.863000300649088    1.956422463632796
   0.810845209663196    1.438281640148853   -0.887069621912647
   1.779145925202940    0.925780781044523    1.585261018177454
   0.877066179587071    1.462919662456456   -1.586793150170182
   1.096719629641957    0.148289589280397    1.199823079607329
   0.110042307577116    1.817986126904369    1.847899541801811
   0.781074270969757    0.084409608544973   -1.907836314157272
   0.831067717089815    0.581936140815698   -0.531476892843442
   0.453259066889649    1.603639352882113   -1.997428785139620
   0.871533233146897    1.716615002470377    0.307644106345174
   0.071998999487608    1.683233850488082    0.032528655852462
   0.434966893137883    1.213273910439235    1.540380737970756
   0.904901975255880    0.235970186179490   -1.985274636852451
   0.797462378999899    0.962100837827707   -1.417240899306493
   0.948078910330347    0.613245141046702   -1.991777347952584
   0.344345486883235    1.000425618607749   -1.727273542958717
   0.476245440764467    1.155190697477753    0.539294075707073
   0.438707257825279    0.255391365036085    1.161880227970762
   0.080971477590954    1.315773438343673    0.502138111378678
   1.718311028423864    1.177691107232911    1.961686765362368
   1.464063027624070    1.828353336000980   -1.296468877286932
   0.995677233205958    0.245137297662505   -1.303028288472438
   1.912762945477275    1.826744951227095    1.013200328605021
   0.827073439409525    0.366022011435601   -0.765757778923520
   1.430384303177886    1.698606672556422    1.019201454257738
   0.082637012974656    1.502383302665494   -1.981106316264027
   1.381840522113182    0.517603907043861    1.136892071385830
   0.715657212173407    0.286742496437739    0.216892892238023
   0.753574093223351    1.513119592104629   -1.703098925599040
   1.248843334265446    1.701653003553698    1.999528952278808
   0.126364732220007    1.593188822080003   -1.697481987104099
   0.702078622161447    0.602610173915797    1.535364276112164
   0.748379518626434    1.140785879986727    1.111417966315583
   0.858001538951882    0.829350996217388   -1.976895669539662
   0.456559317399077    0.576312566444423    1.539061409872473
   0.007042102518977    1.920622345954470    1.243160329390600
   0.404665902445403    1.002719335724935   -1.838677086233314
   0.165759642685652    0.317428846991355   -1.237161599350198
   0.829464286020707    0.992833082095177   -0.695222609852431
   0.683450858426956    0.259848588267271    0.238547289168363
   0.691439754651599    0.766087872332934   -0.271942099473452
   1.762231890932765    0.073280275833458    1.374562204220742
   1.283691779376795    0.477889103106171    1.999805531696130
   0.360022773202519    0.037265871668824   -1.985126069595579
   1.991008695210800    1.608866107467965   -0.529872589003176
   1.738918876153845    0.117373426499485    0.779230247507480
   1.202054928616646    0.440997497383970    1.380904362747667
   0.719983600415282    1.950434447243081    1.722521606898672
   1.581783377370696    1.577985140298486    0.844761031374161
   0.779785442529146    0.038342694769773   -1.547791081085339
   0.154297705811587    0.786827545048123   -1.951622430689935
   1.958965040724242    0.558963608256990    1.788186665675161
   1.789546881704380    0.124724682478572    1.520961027716944
   0.876392455248345    0.619011166793765   -1.443047850350808
   1.117557765505071    1.559843314606624   -0.590986169775443
   0.878859755992358    1.808997520156669    1.745533556981399
   0.325931186008235    0.641091645993801    1.567778486542473
   1.882277795990127    1.609622965385030   -1.803667781000740
   1.118980749099972    0.242300568261324    0.818505770168334
   1.646888837053854    1.109989443379449    0.822425003213061
   1.851166676660612    1.385807712276377   -0.867193265901887
   1.227362870810257    1.053221604345935    0.564882031260212
   1.826805209660346    1.947346471225539    1.413888159439917
   1.003656051589016    1.408588587031042   -1.642604402401465
   1.525331610592702    1.783441494118162   -1.317612060191135
   1.446931281800816    1.679629317335612    1.097974425388907
   0.570269039166285    1.405896321593735    0.664338136924655
   0.238592924661279    0.359815919939343    0.348929445441640
   1.530621004072307    1.114985380840947   -1.070425499775852
   0.978827086733108    0.648178768646055   -1.910720766302814
   0.674828694516247    1.857686842725466    1.802458669735895
   0.457176287871402    1.000759880524483   -1.902527873518004
   0.498778488719267    0.339454083861529    1.998795385217480
   0.610382844978190    1.617759237819239   -1.944379774306344
   0.581754652122853    0.257271681100722    1.096593475282368
   0.727748681198689    0.432921327852142    1.388499219027062
   1.643079394308421    1.955111552008945   -0.677439728240328
   1.486142933129400    1.469884603037445    1.907401906196400
   1.902458022303161    0.489798983787093    1.987420838618208
   0.878473189137165    1.427789632895863   -1.121646012952369
   0.273240476973932    0.325404470006658    0.552162017707669
   1.107418949300153    0.843509516140218    1.280835440020928
   1.731300791600394    1.346011873961432    1.390297547035133
   1.203325436079560    1.261921795672701   -1.620250972332678
   0.460997253871056    0.182152522812668   -0.121370678386961
   1.910100564318756    1.135825948387303    0.474906876538976
   0.039839364606812    0.367276852190158   -1.994104765177434
   0.136585827980463    0.538617853326079   -0.981603829013995
   0.706730936051687    0.746968672958654   -0.158115358911809
   0.156377091145319    1.288485588174539    1.467323712761362
   1.004240354990699    0.884125772344007    0.111283735929636
   1.721406916958004    0.647319748367797   -0.521458559607790
   0.839237323421630    1.207549849156081    1.999947139547679
   0.117204350473920    0.741695344793468   -1.965777518833448
   1.697348832943173    0.995677540542408    0.765121455532629
   0.169484976758009    1.970589309917106    1.186724169512882
   1.321082010549066    1.276903926058162   -1.905756234839504
   0.814098826057324    1.052382802149459    0.142322197573678
   0.622915800019594    0.017424261205562   -1.928897580119795
   0.314304596890837    1.083913053890650   -0.310522615248080
   0.199576784018230    0.224405160278271   -1.609497405440400
   0.219739002277953    0.239416149556365   -1.265792331058732
   0.591682012468428    0.356324830258416    1.982189470499493
   0.778034002882444    1.298412948520115    1.650216343246499
   1.103293504148393    0.934411094027763    1.826371018897997
   0.586898536694655    0.107533858207769   -1.539081411417777
   1.818536866371770    0.308305452721336    1.374383365827825
   0.754853606575566    0.657774188862077    0.287420434364105
   1.515855301877416    0.872057957049486   -1.968709759896242
   1.399469534586868    1.213204133889267   -1.770689364953089
   1.867735497591894    1.568954511344877   -1.993557851286079
   1.183793442875051    1.188817508140960   -0.554848666285417
   0.845858437403039    1.997892268932374    0.657419700907392
   0.241200309359096    1.468774237422633   -1.133718416634597
   0.015316530137936    0.555504906249933   -1.972466321653322
   0.552687290381960    0.214893314156166    0.479778594121704
   0.779910066528204    0.772426292659913   -1.384170098388037
   0.454309463712531    1.371592079927955    1.283670986335206
   1.128751123849652    1.232343467526298   -0.450986701622266
   0.670005027516747    0.232044627066722   -0.063513121038772
   0.166754560622738    1.256903564211402    1.829280846432265
   0.339578485274491    1.985291427925830    1.390355490990827
   1.565209016932738    1.094432091850057   -0.719367742918932
   0.643065615856585    1.081064317878831   -0.589149022739419
   1.966490048899544    0.042535149512130    0.678471134873692
   0.294268450836776    1.834225546491437    1.607495164439005
   1.611489661788330    1.478061894643149    1.569769893163801
   1.023043053701074    0.457348098260047   -1.720126050344132
   1.475954162644201    1.264243363060170   -0.339522261480155
   1.926122335682680    1.491270692782137   -1.992057711286428
   1.819748269310104    0.478809625133318    1.182831088606884
   1.706164007869625    0.599658334906985   -0.894394997619584
   1.251235918724554    0.160473470650834    1.849811949648384
   1.971250414834940    0.379987041642883    1.622856516146213
   1.392816938177132    0.641255442351687    0.752150309889606
   0.612031668709606    1.559571499731192   -1.884977365150440
   1.898159006563089    0.951610153984097    1.699073696748784
   1.544862926725700    1.463368023495827    1.994398919802594
   0.046042244902832    0.187928541650962   -1.398586493903462
   0.544432340443336    0.012532292871053   -1.966787509410939
   0.230463692094415    0.838700792211434   -1.854507445944569
   1.846757839362490    1.841953353882746    0.323637874346502
   0.316762685923261    0.869800892132242   -1.667092490278080
   0.299301451211470    1.792716848567462    0.986228298861654
   0.134044254261090    0.225423785962827   -1.981182234544900
   1.283987541349599    1.953792523571193   -1.447396913115673
   0.704233411096145    0.990151548287902   -1.653376791290246
   0.553450858478179    1.955469329820699    1.820144696233002
   1.150625018938736    0.524701272381796    0.451576622921239
   0.335456370532260    0.543441957115867    1.982858136882650
   1.165956714733484    0.947488039241865    1.971377739129992
   0.103013455915737    1.064115721296573    1.153624065306867
   1.899098193225962    1.647876382641437   -1.366683149428251
   0.527483743861077    1.945140438128794    1.900442785207541
   1.835804924292399    1.071916084304413    1.846987152567656
   1.957672731931169    0.066268615455492    0.958209106620279
   1.910616876515847    1.804430570362336    0.710919829147966
   1.908221969338237    0.227379561507785    1.957504483075670
   0.674231462494578    0.207523419618385   -0.519578217261949
   0.020096410075247    0.808275716755668   -1.094901540151560
   0.432947205581212    1.304083951424846    1.954052068123758
   0.762068240326861    1.137180617608680    1.140005472852573
   0.294235498781426    1.315519098805040    1.697913990395501
   1.092649946498056    1.444860517720161   -1.975125734893171
   1.840220371186836    1.428106317961638   -1.119522895086512
   1.988302474836029    1.006177085920319   -0.024553116631500
   0.375594356272181    0.091315929820443   -1.809167768084096
   0.070292806285570    0.274692549498143   -1.980561391541431
   1.739192312461879    0.597776550146647   -0.271029142461956
   0.219832986695614    1.574997236754278   -1.987134326828514
   1.669692634451060    0.177505717695461   -0.839217100832622
   1.641265852209770    1.580309510966907   -0.013717865542717
   1.981936288989119    1.549487821548007   -1.273647042139946
   1.807689072474693    0.656167750552375    1.134956315301139
   1.757011241166392    1.827785482549940   -1.071562769907506
   1.464443467308042    0.189958446747604   -1.297217215451169
   1.131869433043464    0.226511706703581    1.132548832436063
   1.327139064356284    1.426104931824890   -0.297548056417879
   1.542030805508620    0.419789009923017   -1.710834562955278
   0.870965449545051    1.382251176695456   -0.290804486748982
   1.847895327884655    0.859267923449757    1.964897405310917
   0.388428261684453    0.223489684156836    0.318396030536816
   0.950583854201522    0.458721067970023   -1.964878855488871
   0.498182233654979    0.689776165732078    1.893986772414725
   1.056497618116670    0.718015220350593   -0.603246814500579
   0.264773401555034    0.726190251636407   -0.242884574627565
   0.895520938977376    1.906039254696127    1.784096933669766
   0.306499761671992    0.877457227035173   -1.782470518563818
   1.455527075312812    0.114188834146684   -1.541463902349121
   1.533624977587548    1.212538315547881   -0.024244499788445
   1.941974316696624    0.998068443964267    0.874014883832316
   1.402496762295485    1.073843749740088   -1.910241319114227
   1.224580151599171    0.729635825720446    1.936331011926450
   0.499948680633655    0.766610956176469    0.915535919854134
   1.149424836574786    1.370914130178706   -1.982687895355057
   0.148862131940602    0.997320163528118   -0.388094733917796
   0.230182053628462    0.537290393625056    0.811439822169441
   1.220809847684954    1.180765907829984   -0.941081242297718
   0.996011461595079    1.718992081339933    1.119458362238236
   1.870542073562062    0.052509078780426    1.921944650570406
   0.437007301690526    0.135315475117096   -1.061113107838451
   0.778699331348156    1.332528240667902    1.203019545194999
   0.041354728881901    1.085199093020148    1.827123487546060
   0.209985466771752    1.496881804194712   -1.635315279878381
   1.199387927166833    1.743610444359300    1.982950819584697
   0.709420118811270    1.141362243863457    0.894490426504105
   0.741678887392245    0.111916881106755   -1.980278425752861
   0.215205992672223    1.966259038991415    1.394212189861842
   0.841552706827201    0.715154673305878   -1.560557345088342
   0.732869995167884    1.990977543401987    1.157880308132479
   0.086068803484584    0.881732127108486   -1.214176121755285
   0.988297706930105    0.316250857113046   -1.750470223627786
   1.419022521664865    0.209107553683737   -0.426366674624799
   1.497016764943030    0.415033982328621   -1.098603356817068
   1.928099635954993    1.367558837573770   -1.684771538957636
   0.467543062040369    0.365106936714196    1.966470517445814
   1.502874312690866    1.246242393388526   -0.131569395460174
   1.697635177382098    1.544229041572767   -0.360972390069627
   0.331441485477351    1.907620644153850    1.998431865732003
   1.041110844836156    1.530829413575507   -1.596232228348976
   1.651231087581828    1.750530964578749   -1.921430546607816
   0.672191656507641    0.392909974042750    1.794789756091269
   1.862447845685504    0.887397649179864    1.999250929239463
   0.359169013034165    0.704000551581383    1.230479157276011
   1.602552322485741    1.092039008202049   -0.103657140478470
   0.694978094983370    1.688621125970325   -0.996020246257187
   1.973771135310536    1.683275801913475    0.101072506516647
   0.004871982152048    1.392793656044078   -1.412517785661084
   1.892383355597213    1.501888747095079   -1.984393726834204
   1.807827639304021    1.820482990620883   -0.522617450226005
   0.869447584668848    0.275370700413068   -1.850866187107577
   0.185589926403756    0.372321896428392   -0.498416648415264
   1.521613093801594    1.883225103785854   -1.993145544623201
   1.916550938932482    1.853054579278945    1.348071523583250
   1.790845747008382    0.957661782837315    1.808298719725721
   1.383883991923129    1.442076833658887    0.688946250114288
   0.708192746484742    0.056075647499448   -1.963704009579450
   1.834986808632960    0.570640591238924    1.437738180486660
   0.943473296679311    0.194155820735803   -1.561766158461733
   1.274641143751629    0.546025619165052    1.991187562423496
   1.286194828937852    1.969619238734999   -1.637257228700959
   0.234646744204055    1.259965963317065    1.961855292503862
   1.652895039717152    0.239518727287426   -1.358618963873495
   0.652759619361143    1.545278394383042   -1.816464072405237
   1.741407474382505    0.460587257733842   -0.291044818613750
   1.365761385003925    0.610855058120030    1.283044964412089
   0.735957958146910    1.551351311407681   -1.951563187499193
   0.983176955479745    0.257571051017182   -1.538081118134910
   1.434576415193536    0.899727893480904   -1.348491218322972
   0.110625629364804    1.225422161270595    1.857936022596676
   1.857389676318220    1.494509622219256   -1.799559971524971
   0.667498994929483    0.565582422802962    1.948237220687989
   1.550585269718703    0.502485802631120   -1.764955367872305
   1.136223014041885    0.494058566398015    0.158478187844341
   0.696641623366923    0.410864156862192    1.663869352277322
   1.040084185563067    1.982836452304775   -0.146545657379385
   0.380483394665869    1.274730929767122    1.999774219388536
   1.242802414690518    0.033378433451698    1.214689017517087
   1.514249657054548    1.895562034051661   -1.999280973172526
   1.578656828766063    1.255657131437053    1.135451286083455
   0.356149290854181    0.944418212838666   -1.998303249335546
   1.866512189557083    1.092107249001091    1.455713631540714
   0.495769523315024    0.849689144105506   -0.696220803206985
   1.349678300018273    1.930345938508560   -1.601889572806295
   1.749417037586410    1.460303930314399   -0.100544656038470
   1.155768099779155    1.606806713904630    0.588203036824435
   0.954813551602333    1.823267094708638    1.979098273529035
   0.172389135776269    0.505398820389714   -0.269102943511843
   0.325752896408435    1.308612149818154    1.828007101043303
   0.999457386787728    1.022394519775358    1.620078323767412
   1.719476307611669    0.039541571419473    0.903547973157699
   1.005230971148811    0.099959701346215    0.320845547058503
   1.314272502117917    0.248033384908006    1.568049375445413
   0.133338135729236    0.828522158241143   -1.955770865471371
   0.143595418959668    1.711994964495299    0.133390261160315
   0.084179288746873    0.499744709813848   -1.700663354884155
   0.656413176402642    1.950691479235278    1.797552376348419
   1.591851959746262    1.152182699717666    0.302158173164370
   0.800380622409461    0.941530258833212   -1.618628994314300
   1.082528638226226    0.549797659995871   -0.845817435136819
   0.401834188216289    0.238296737074059    0.679226082043346
   0.156604372969179    1.356647739818621    0.388830907539145
   0.061563830851374    0.328993508745448   -1.999959875151869
   1.862046561139657    0.387316727259809    1.782983566297452
   1.637605658563602    0.861503946996063   -1.177867718434193
   1.409711247035168    1.357081965243948   -0.135325515872401
   0.901045519346858    0.414942217252656   -1.636166246983529
   1.457041667521485    0.215318020533453   -1.062496904421881
   0.662975602160662    1.590379803250721   -1.999138744000746
   1.043840178774595    0.806571021120330   -0.080389941126490
   1.302374766814697    1.128019468452790   -1.384351489386408
   1.306315731865501    1.958787943217339   -1.638373941602844
   1.078710946756746    0.898167690680440    1.350598981052943
   1.110970642003683    1.879091569166208    1.169006701822761
   1.839697949513652    0.193499279298586    1.846725261378616
   0.428889228230756    0.241532137729941    0.889467096165969
   0.431796016372645    0.585493601199935    1.776628062637833
   1.598179877548562    0.493359847224019   -1.999815728578184
   0.914487109945383    1.460226437756897   -1.718575716935409
   0.880676574483829    0.552092768508984   -1.289429890489065
   0.321730384752960    0.290387820587674    0.760218840494091
   1.909174733752932    1.222775904099818   -0.257813410028540
   0.705330037840330    1.366216400343094    0.998234994594444
   1.438093924633271    1.368305640932315    0.429297419299208
   0.956596202662492    0.481934102476544   -1.979627320982098
   0.174876661121322    0.258970968545867   -1.573629309535738
   1.609953570929334    1.481192392986823    1.558318914145129
   0.217758910831883    0.688664516754758   -0.501239130092145
   0.379360082735941    1.328729553766888    1.734979498180251
   0.567756085920965    0.219058032249593    0.497951335156570
   1.522228833065475    0.996645314151722   -1.865145632878970
   0.460590169979534    1.954024850369443    1.835497853702920
   1.582138916282979    0.058770046596774   -1.541499977275000
   0.447384696662139    0.496626025297039    1.006289271003266
   1.518996485284994    1.328061272077291    1.068968018681823
   1.048718793806023    1.840726870037954    1.879074699849300
   1.618449092664965    0.957893527558955   -0.925089602141524
   1.063502773206449    0.323779130505295   -0.740059887209842
   0.324109926970727    0.501596696908398    1.964693832789285
   1.692084771437610    1.280706130564542    1.987327070528152
   0.983530799384942    1.866961432558932    1.870070011791687
   1.539677099110408    0.593484370314276   -1.697838917973554
   1.348153825545755    1.757436010873614    1.029181497047182
   1.282148887069034    1.727513908281696    1.827753866240093
   1.086165563709180    1.849904972989999    1.673359073955973
   1.946571940531289    0.608394395843332    1.865300072290688
   0.846550287141721    0.407162109579501   -0.862915809687901
   0.562419245281452    0.428689202493378    1.624153375749613
   0.465932157107597    1.009803942874914   -1.844434157282701
   0.925315227790417    1.984928642392591    0.517223287369343
   0.337865214020882    1.974034022527763    1.539847843985705
   1.825655511499222    1.956314306685847    1.494116045778568
   0.931927549155395    0.889158283774349   -0.904632243683158
   0.280093436259820    1.256037476126122    1.999611187324426
   1.390754980682747    1.972178207697430   -1.994829668614391
   0.536743605759341    0.374285779136366    1.932235149246859
   1.839139640256362    0.076420704869749    1.991572847266696
   0.967770149450642    1.187293464870794    1.792327538870555
   1.833856715743363    0.249919036519676    1.687902012155907
   0.914807372221168    0.920022278521220   -0.741716614387803
   0.099824008578353    0.861379312752457   -1.555643916519755
   1.528416674364552    0.946374295720073   -1.953722026692665
   1.268541422331958    0.090835919646004    1.315834409829992
   1.375063498213451    1.734473579439555    1.089912558287810
   1.100639862520918    0.300378726003868    0.092457310774353
   1.719402220900824    1.438505076541801    0.630123622235839
   0.274412747600308    1.545057731468723   -1.908118925221168
   1.394819382296325    1.206340296755703   -1.838593735842640
   0.434216014311749    1.674912819487468   -1.433095458562022
   0.462377771950503    1.824970994994497    1.271036594033864
   1.647091026253575    0.999121378641166   -0.113168580826705
   0.199256774130863    1.486230665578614   -1.548948491028044
   1.075542083510916    1.167026923581505    1.153437407582466
   0.673524129518086    0.909398798322956   -1.929744438790818
   1.416945960101181    1.588331502670577    1.991174310588637
   1.829421076844177    1.516769969610856   -1.713327656195981
   0.449710814491711    1.357837750277406    1.478118188290341
   0.463144264399607    1.718252236823669   -0.738635099460354
   1.448673669923411    1.838207763544381   -1.281752549386769
   1.452725816263224    0.549313531513006   -0.229958521337345
   0.138586488616926    1.172128036232725    1.950641840790974
   1.987818608054807    0.412999236217234    1.440776415956791
   0.717185767701448    1.382637990351132    0.657758123261665
   1.619339532972937    1.151401782013197    0.750153981890382
   1.057550808907277    0.081717303992117    1.268313446348333
   0.976372777007694    0.704641834229530   -1.781054685357814
   1.080838682633284    1.175629551138556    0.984997097801196
   0.190872499808144    0.156380765212877   -1.991845447741069
   0.342656473788738    0.864396629326230   -1.472567700310789
   1.065779563535834    1.759602434821242    1.892848943356918
