0.0 0.0 0.6126907689923992
0.0 0.1 0.19434540462799005
0.0 0.2 0.00042458532399825
0.0 0.3 0.06253679594141115
0.0 0.4 0.05291064644482035
0.0 0.5 0.0601236746165561
0.0 0.6 0.04584626805534131
0.0 0.7 0.06373236477928312
0.0 0.8 0.051444080222291855
0.0 0.9 0.16834317718676806
0.0 1.0 0.1315209743265362
0.0 1.1 0.10199460050867004
0.0 1.2 0.011494505604960459
0.0 1.3 0.07575304759417084
0.0 1.4 0.02231944347414072
0.0 1.5 0.05251304767640663
0.0 1.6 0.05266955613120916
0.0 1.7 0.16261871558600582
0.0 1.8 0.24080371666617717
0.0 1.9 0.061333523304760273
0.0 2.0 0.44946350093707854
0.1 0.0 0.2523910158742241
0.1 0.1 0.0030331198290496353
0.1 0.2 0.0015192037353779497
0.1 0.3 0.004608293494881455
0.1 0.4 0.020167981648955502
0.1 0.5 0.0005291885771356863
0.1 0.6 0.0012008615587024707
0.1 0.7 0.0008292858230813938
0.1 0.8 0.023460050116906883
0.1 0.9 0.006230947893063554
0.1 1.0 0.002121267447453057
0.1 1.1 0.005319144572294654
0.1 1.2 0.011810780487588657
0.1 1.3 0.00023564892045224717
0.1 1.4 0.0017636869195420957
0.1 1.5 0.002381939717437387
0.1 1.6 0.0005961228795403617
0.1 1.7 0.008731994351305228
0.1 1.8 0.008523054201282187
0.1 1.9 0.004296020278014678
0.1 2.0 0.006537566199447786
0.2 0.0 0.08584293049541425
0.2 0.1 0.019838627405101894
0.2 0.2 0.0007433217440624418
0.2 0.3 0.00019998802384713077
0.2 0.4 0.006262537611016028
0.2 0.5 0.0010057475995385867
0.2 0.6 0.0019899443067960265
0.2 0.7 0.0037481495243653074
0.2 0.8 0.003191783134497417
0.2 0.9 0.005991612783291966
0.2 1.0 0.016991119864962823
0.2 1.1 0.0030497883643052504
0.2 1.2 0.007603862937345163
0.2 1.3 0.0013347812660702285
0.2 1.4 0.00024060427440482368
0.2 1.5 5.7461108235346003e-05
0.2 1.6 0.005823787171854278
0.2 1.7 0.0007270598051279942
0.2 1.8 0.0021877369435059357
0.2 1.9 0.004273845799754428
0.2 2.0 0.08620092129908674
0.3 0.0 0.020106540004045215
0.3 0.1 0.016245645242007445
0.3 0.2 0.005908280450786063
0.3 0.3 0.001047326941459814
0.3 0.4 0.041893352817999
0.3 0.5 0.009913407287711395
0.3 0.6 0.011963848887509121
0.3 0.7 0.008160428618928628
0.3 0.8 0.001855953324846893
0.3 0.9 0.008317913884663408
0.3 1.0 0.012642679429260895
0.3 1.1 0.00023378223580726443
0.3 1.2 0.0073887826447607274
0.3 1.3 1.8482832469191024e-05
0.3 1.4 0.016018230352933205
0.3 1.5 0.001725815039682832
0.3 1.6 0.00553344182873361
0.3 1.7 0.011358134499788952
0.3 1.8 1.596191391506352e-05
0.3 1.9 0.0018385873278417009
0.3 2.0 0.08365180515332749
0.4 0.0 0.01477825441630043
0.4 0.1 0.004497836739204564
0.4 0.2 0.0003612654869520268
0.4 0.3 0.008256624255658984
0.4 0.4 0.023877896827845912
0.4 0.5 0.005006083214506241
0.4 0.6 0.002001436713944038
0.4 0.7 0.0008288228841371037
0.4 0.8 0.00021270927025302672
0.4 0.9 0.0056510840372114846
0.4 1.0 0.00016086132230763717
0.4 1.1 8.741609121909466e-05
0.4 1.2 0.0070831733125997776
0.4 1.3 0.0008534194394180794
0.4 1.4 0.017030985361677353
0.4 1.5 0.0008738073031071547
0.4 1.6 0.005722009215486379
0.4 1.7 0.005541034255005628
0.4 1.8 0.00034547750433655544
0.4 1.9 0.030074472816076003
0.4 2.0 0.11271895647696373
0.5 0.0 0.01997466497173006
0.5 0.1 0.029452188328208395
0.5 0.2 0.00203516602406445
0.5 0.3 0.005157456669122373
0.5 0.4 0.04452501109662377
0.5 0.5 0.676482143776624
0.5 0.6 0.023806827963323896
0.5 0.7 0.00313209216276511
0.5 0.8 0.0011113706295255432
0.5 0.9 0.0005342866596333984
0.5 1.0 0.002004696409583895
0.5 1.1 0.016438941217218006
0.5 1.2 0.002448340257200199
0.5 1.3 0.014742390373351677
0.5 1.4 0.012652978259735215
0.5 1.5 0.0004200746023514945
0.5 1.6 0.011245555237888949
0.5 1.7 0.004498933980985775
0.5 1.8 0.004376394811162809
0.5 1.9 0.004252245067434712
0.5 2.0 0.16687296905945037
0.6 0.0 0.026182176643898325
0.6 0.1 0.0015474460982054516
0.6 0.2 0.001902492279769026
0.6 0.3 0.007310335615469121
0.6 0.4 0.000780757222986983
0.6 0.5 0.010082936275408683
0.6 0.6 0.0036380829702880035
0.6 0.7 0.022842104788049156
0.6 0.8 0.002649560073554026
0.6 0.9 6.374684952548115e-05
0.6 1.0 0.005470833340861514
0.6 1.1 0.002265638734439912
0.6 1.2 0.005357553137064874
0.6 1.3 0.02874538968510687
0.6 1.4 0.0031146330602496164
0.6 1.5 0.006630439455632908
0.6 1.6 0.001647606746890462
0.6 1.7 0.004495276666325654
0.6 1.8 0.0034144739874214514
0.6 1.9 0.011899066548590076
0.6 2.0 0.07739804856449961
0.7 0.0 0.09841817883703619
0.7 0.1 0.012251048871232406
0.7 0.2 0.0007395243494666692
0.7 0.3 0.005304451664842613
0.7 0.4 0.00041170414839619696
0.7 0.5 0.029210535823975814
0.7 0.6 0.00031733147845325327
0.7 0.7 0.0032679268988313748
0.7 0.8 0.001492553978585165
0.7 0.9 0.0032569494219174544
0.7 1.0 0.003517429196354893
0.7 1.1 0.006365286717840049
0.7 1.2 0.0032889495260728374
0.7 1.3 0.0005574680845370494
0.7 1.4 0.00018632746625080188
0.7 1.5 0.0012258266905968984
0.7 1.6 0.0050055781904645436
0.7 1.7 0.0006013753000150279
0.7 1.8 0.0024118984771179797
0.7 1.9 0.006135678611516759
0.7 2.0 0.06968955286988243
0.8 0.0 0.10457029801377693
0.8 0.1 0.01423687722651601
0.8 0.2 0.053005689892481556
0.8 0.3 0.002075930281621119
0.8 0.4 0.006129838709675026
0.8 0.5 0.0002597976329034579
0.8 0.6 0.007933272682230028
0.8 0.7 0.001621654612397827
0.8 0.8 0.0060810351344025015
0.8 0.9 0.003533519425501952
0.8 1.0 0.0017638429408480816
0.8 1.1 0.002672232512410111
0.8 1.2 0.0005230448241231311
0.8 1.3 0.00030903323752484724
0.8 1.4 0.0005396915444202816
0.8 1.5 0.00018546618589576624
0.8 1.6 0.009197922167827333
0.8 1.7 0.0004338435832569876
0.8 1.8 0.0013975110770341193
0.8 1.9 0.04259158521552231
0.8 2.0 0.05002368664533774
0.9 0.0 0.18472118827080106
0.9 0.1 0.016143817354005607
0.9 0.2 0.02329223581872597
0.9 0.3 0.00015649418265439863
0.9 0.4 0.001248289566509575
0.9 0.5 0.003987281249735464
0.9 0.6 0.00043398276717354634
0.9 0.7 0.0045535266503575755
0.9 0.8 0.008070078663388935
0.9 0.9 0.00029161602403871
0.9 1.0 0.003056110355550923
0.9 1.1 0.008071564392518438
0.9 1.2 0.019950659185005604
0.9 1.3 0.0002581289595662284
0.9 1.4 0.001259976577115074
0.9 1.5 0.004023874679782491
0.9 1.6 0.0418932699359833
0.9 1.7 0.0046181463733412365
0.9 1.8 0.0040614368732387884
0.9 1.9 0.002043781561952507
0.9 2.0 0.01784902108851777
1.0 0.0 0.016746217143134068
1.0 0.1 0.00012913596261407423
1.0 0.2 0.0039631973148508415
1.0 0.3 0.0006465587957158458
1.0 0.4 0.00925299715953054
1.0 0.5 0.0032266055701168916
1.0 0.6 0.012038510315783624
1.0 0.7 0.0006838409409748447
1.0 0.8 0.0026347940702131645
1.0 0.9 2.7151755717075288e-05
1.0 1.0 0.0005003312608182764
1.0 1.1 0.0009906782366311262
1.0 1.2 0.00026672470562250084
1.0 1.3 8.438528194151113e-06
1.0 1.4 0.001980203206928266
1.0 1.5 0.0032826549759026324
1.0 1.6 0.032627195134268816
1.0 1.7 0.0038137397745591217
1.0 1.8 0.004479933771630362
1.0 1.9 0.0010146487656921277
1.0 2.0 0.052242309724560565
1.1 0.0 0.04977931747215103
1.1 0.1 0.005336815326599353
1.1 0.2 0.0034789289896967057
1.1 0.3 2.5628723082649074e-06
1.1 0.4 0.013746476093902893
1.1 0.5 0.0035746459071490655
1.1 0.6 0.013343778878071921
1.1 0.7 0.008675016382196046
1.1 0.8 0.0054571298369661125
1.1 0.9 0.0009558483425906594
1.1 1.0 0.005151679710937218
1.1 1.1 0.015853017631406674
1.1 1.2 0.0010957248052211876
1.1 1.3 0.0015483638638984498
1.1 1.4 0.0029392223522042293
1.1 1.5 0.003196726979530995
1.1 1.6 0.001791442019191819
1.1 1.7 0.015660934676515526
1.1 1.8 0.013540265497113069
1.1 1.9 0.0062408286628091725
1.1 2.0 0.12014058659703719
1.2 0.0 0.015537072780744454
1.2 0.1 0.008898810065186558
1.2 0.2 0.01661415197608318
1.2 0.3 0.00170698446328732
1.2 0.4 0.006540406749102834
1.2 0.5 0.00011833464121102644
1.2 0.6 0.0001010761965607454
1.2 0.7 0.00040577318230172743
1.2 0.8 0.03830608411784908
1.2 0.9 0.020420410389419663
1.2 1.0 0.0035088875568614064
1.2 1.1 0.00268112073878618
1.2 1.2 2.3416832505285257e-05
1.2 1.3 0.0012488387023568137
1.2 1.4 0.001701076057428974
1.2 1.5 0.00021042173649177265
1.2 1.6 0.004569402902808495
1.2 1.7 0.00442757908566227
1.2 1.8 0.004371566454366427
1.2 1.9 2.3505774807308644e-05
1.2 2.0 0.11632845252135993
1.3 0.0 0.07356322469341585
1.3 0.1 0.02611047694686819
1.3 0.2 0.0022990183125091157
1.3 0.3 0.04954749864187691
1.3 0.4 0.06382237007935898
1.3 0.5 0.00038624580546442466
1.3 0.6 0.00998221714591696
1.3 0.7 0.011058490402951815
1.3 0.8 0.05198716471350617
1.3 0.9 0.004294384586819189
1.3 1.0 0.003923808697623151
1.3 1.1 0.00042672357023954
1.3 1.2 0.010457834089403928
1.3 1.3 0.0021703235409848975
1.3 1.4 2.5745937283661036e-05
1.3 1.5 0.006660173487646415
1.3 1.6 0.0051095609477125326
1.3 1.7 0.006199732787305123
1.3 1.8 0.0024032804963135534
1.3 1.9 0.0038906233370503696
1.3 2.0 0.006313883995960445
1.4 0.0 0.16367829717563276
1.4 0.1 0.027682172531489857
1.4 0.2 0.00035839607929782913
1.4 0.3 0.027716652026241184
1.4 0.4 0.03736681849823542
1.4 0.5 0.0037509533844417575
1.4 0.6 0.0007555142564483752
1.4 0.7 4.2072655799196834e-05
1.4 0.8 0.0023538277317192713
1.4 0.9 0.004981638972348046
1.4 1.0 0.013924685198364761
1.4 1.1 0.011988177921305132
1.4 1.2 0.0031544675507610975
1.4 1.3 0.006195432946668689
1.4 1.4 0.0007653726969274466
1.4 1.5 0.019186226660793837
1.4 1.6 0.0006790649187946585
1.4 1.7 0.001715216011562548
1.4 1.8 0.001246161290776454
1.4 1.9 0.00011144079333536006
1.4 2.0 0.062081376954954415
1.5 0.0 0.058483042769239546
1.5 0.1 0.005582682290584451
1.5 0.2 0.01822013299224623
1.5 0.3 0.041853478120147836
1.5 0.4 0.004038364516244952
1.5 0.5 1.3332649875463787e-05
1.5 0.6 0.002194570011952779
1.5 0.7 0.02053893296003073
1.5 0.8 0.00029410408595231807
1.5 0.9 0.0014714910741364662
1.5 1.0 0.013268230140798476
1.5 1.1 0.022784126738607968
1.5 1.2 0.009177001488083758
1.5 1.3 0.0008518596880743856
1.5 1.4 0.0004731446458339228
1.5 1.5 0.009632447715389736
1.5 1.6 0.005380530554573104
1.5 1.7 0.0003128993533310642
1.5 1.8 0.0008321805623765499
1.5 1.9 0.0037038154534070333
1.5 2.0 0.11224034220213452
1.6 0.0 0.08482226364527223
1.6 0.1 0.02353739245477726
1.6 0.2 0.0029068486860253095
1.6 0.3 0.009214588453282602
1.6 0.4 0.0017733687651924068
1.6 0.5 0.0003015945437550016
1.6 0.6 0.0002625106352105444
1.6 0.7 0.003976805776471526
1.6 0.8 0.02852625762745231
1.6 0.9 5.862539944123668e-05
1.6 1.0 0.0002838625291031738
1.6 1.1 0.0005720229131871701
1.6 1.2 0.0009708118673794619
1.6 1.3 0.027097838841483535
1.6 1.4 0.026851038626886314
1.6 1.5 0.0024579878864572358
1.6 1.6 0.0032024310694153124
1.6 1.7 0.0018078854084135898
1.6 1.8 0.010859898729736361
1.6 1.9 0.08771682522362845
1.6 2.0 0.15962927806386723
1.7 0.0 0.16731743206289384
1.7 0.1 0.03486747432388823
1.7 0.2 0.0014125496626489764
1.7 0.3 0.005147811019276971
1.7 0.4 6.63064216397391e-05
1.7 0.5 0.0009494276461878837
1.7 0.6 0.0005407546654836448
1.7 0.7 0.00034742624438599545
1.7 0.8 0.006294067621300026
1.7 0.9 4.22310690067762e-05
1.7 1.0 0.0010547067258888099
1.7 1.1 0.01186386153725949
1.7 1.2 0.002474547595276322
1.7 1.3 0.0037231598024001222
1.7 1.4 0.0012085540066972822
1.7 1.5 0.00321552993145105
1.7 1.6 0.0040092373735445275
1.7 1.7 0.002903613689360318
1.7 1.8 0.04537944133912286
1.7 1.9 0.05677928887265604
1.7 2.0 0.2594242486137812
1.8 0.0 0.16282627551985018
1.8 0.1 0.000559647296334731
1.8 0.2 0.003082116612247887
1.8 0.3 0.0006574019813059273
1.8 0.4 0.0013845816550215329
1.8 0.5 0.0002611076324601225
1.8 0.6 0.000837464358664497
1.8 0.7 0.002394246860421889
1.8 0.8 0.011281779330279962
1.8 0.9 0.0013193843646417402
1.8 1.0 0.013618612693298227
1.8 1.1 0.0022543346512780005
1.8 1.2 0.0012554671213675928
1.8 1.3 0.0051661996690995915
1.8 1.4 0.0001102185843754322
1.8 1.5 0.003919205866888653
1.8 1.6 0.0021047535608276213
1.8 1.7 0.03747347279676183
1.8 1.8 0.013174220366370948
1.8 1.9 0.009275315789278982
1.8 2.0 0.17202150756708723
1.9 0.0 0.02081378746415119
1.9 0.1 0.003408990998013506
1.9 0.2 0.013169880793444388
1.9 0.3 0.009854366222477706
1.9 0.4 0.0017444840120379723
1.9 0.5 0.0016303218352393678
1.9 0.6 0.041363527232534114
1.9 0.7 0.0027333085478138397
1.9 0.8 0.03803357629230231
1.9 0.9 0.010533283697719664
1.9 1.0 0.005514912359305235
1.9 1.1 0.001050191785619825
1.9 1.2 0.0020486563540096786
1.9 1.3 0.006828882631835564
1.9 1.4 0.006028344498290261
1.9 1.5 0.0006070600155350103
1.9 1.6 0.02159032464098254
1.9 1.7 0.004857277274511018
1.9 1.8 0.004772660710200993
1.9 1.9 0.01684979914984841
1.9 2.0 0.003241510969010708
2.0 0.0 0.33798138545687356
2.0 0.1 0.1660806707138638
2.0 0.2 0.14407917271004966
2.0 0.3 0.2003736166701564
2.0 0.4 0.06605115574228271
2.0 0.5 0.17983176664041944
2.0 0.6 0.20260389825673775
2.0 0.7 0.12554253760792444
2.0 0.8 0.18503461236598473
2.0 0.9 0.18013395828005974
2.0 1.0 0.034165741535647554
2.0 1.1 0.034587558621484216
2.0 1.2 0.02111237443842784
2.0 1.3 0.012830655347552566
2.0 1.4 0.07727279139745136
2.0 1.5 0.11653454298509147
2.0 1.6 0.04556664071473521
2.0 1.7 0.11517929234485624
2.0 1.8 0.1135824721902392
2.0 1.9 0.19480905634703927
2.0 2.0 0.987256699742606
