   0.000000000000000    0.000000000000000    0.805031814683684
   0.000000000000000    0.100000000000000    0.044957748359554
   0.000000000000000    0.200000000000000   -0.874375619868155
   0.000000000000000    0.300000000000000   -1.626726593592333
   0.000000000000000    0.400000000000000   -1.905280325024243
   0.000000000000000    0.500000000000000   -1.977972223942833
   0.000000000000000    0.600000000000000   -1.898215946634764
   0.000000000000000    0.700000000000000   -1.627922162430206
   0.000000000000000    0.800000000000000   -0.925395114766447
   0.000000000000000    0.900000000000000    0.070959975800776
   0.000000000000000    1.000000000000000    1.286201609349547
   0.000000000000000    1.100000000000000    1.896093220115091
   0.000000000000000    1.200000000000000    1.454139311487729
   0.000000000000000    1.300000000000000    0.057346964849797
   0.000000000000000    1.400000000000000   -1.507436892234417
   0.000000000000000    1.500000000000000   -1.913445633736368
   0.000000000000000    1.600000000000000   -0.982120671156000
   0.000000000000000    1.700000000000000    0.677715358067276
   0.000000000000000    1.800000000000000    1.715765852937459
   0.000000000000000    1.900000000000000    1.430479086632768
   0.000000000000000    2.000000000000000    0.242982008109715
   0.100000000000000    0.000000000000000   -0.013087862886680
   0.100000000000000    0.100000000000000   -1.169319266177695
   0.100000000000000    0.200000000000000   -1.916329345590899
   0.100000000000000    0.300000000000000   -1.937947304426425
   0.100000000000000    0.400000000000000   -1.642510376678058
   0.100000000000000    0.500000000000000   -1.514134179192992
   0.100000000000000    0.600000000000000   -1.663879219885716
   0.100000000000000    0.700000000000000   -1.943384883744388
   0.100000000000000    0.800000000000000   -1.894388499209370
   0.100000000000000    0.900000000000000   -1.166121438113681
   0.100000000000000    1.000000000000000    0.237181885540091
   0.100000000000000    1.100000000000000    1.606065265887483
   0.100000000000000    1.200000000000000    1.944966864181654
   0.100000000000000    1.300000000000000    0.924220312796088
   0.100000000000000    1.400000000000000   -0.821200926764739
   0.100000000000000    1.500000000000000   -1.947097039727833
   0.100000000000000    1.600000000000000   -1.517266945874054
   0.100000000000000    1.700000000000000    0.174023301286647
   0.100000000000000    1.800000000000000    1.728349755905938
   0.100000000000000    1.900000000000000    1.819383701670903
   0.100000000000000    2.000000000000000    0.372048850281799
   0.200000000000000    0.000000000000000   -0.959793965039571
   0.200000000000000    0.100000000000000   -1.898009921921175
   0.200000000000000    0.200000000000000   -1.784107830701934
   0.200000000000000    0.300000000000000   -0.894783516449995
   0.200000000000000    0.400000000000000   -0.047629600670181
   0.200000000000000    0.500000000000000    0.283245763719273
   0.200000000000000    0.600000000000000   -0.043357007365961
   0.200000000000000    0.700000000000000   -0.891235354949476
   0.200000000000000    0.800000000000000   -1.780172725823375
   0.200000000000000    0.900000000000000   -1.911856936542985
   0.200000000000000    1.000000000000000   -0.856959914679194
   0.200000000000000    1.100000000000000    0.821625711754979
   0.200000000000000    1.200000000000000    1.935920644074121
   0.200000000000000    1.300000000000000    1.541129098967075
   0.200000000000000    1.400000000000000   -0.124271004730991
   0.200000000000000    1.500000000000000   -1.699461150157307
   0.200000000000000    1.600000000000000   -1.831449872243108
   0.200000000000000    1.700000000000000   -0.390834818800108
   0.200000000000000    1.800000000000000    1.397663646861395
   0.200000000000000    1.900000000000000    1.963178904421306
   0.200000000000000    2.000000000000000    0.885078739021642
   0.300000000000000    0.000000000000000   -1.584296337654967
   0.300000000000000    0.100000000000000   -1.926309952679299
   0.300000000000000    0.200000000000000   -0.889075224023056
   0.300000000000000    0.300000000000000    0.615096157784629
   0.300000000000000    0.400000000000000    1.531604910276429
   0.300000000000000    0.500000000000000    1.808681446363652
   0.300000000000000    0.600000000000000    1.561534414206919
   0.300000000000000    0.700000000000000    0.607983056107162
   0.300000000000000    0.800000000000000   -0.896839457798689
   0.300000000000000    0.900000000000000   -1.934237684036643
   0.300000000000000    1.000000000000000   -1.551547118221661
   0.300000000000000    1.100000000000000    0.082950209280757
   0.300000000000000    1.200000000000000    1.672221922654431
   0.300000000000000    1.300000000000000    1.848136656746627
   0.300000000000000    1.400000000000000    0.391573306640365
   0.300000000000000    1.500000000000000   -1.395219559583633
   0.300000000000000    1.600000000000000   -1.960425239584041
   0.300000000000000    1.700000000000000   -0.769035884691305
   0.300000000000000    1.800000000000000    1.107040920626932
   0.300000000000000    1.900000000000000    1.998136724916399
   0.300000000000000    2.000000000000000    1.171686103226476
   0.400000000000000    0.000000000000000   -1.867147932995723
   0.400000000000000    0.100000000000000   -1.658180521587809
   0.400000000000000    0.200000000000000   -0.041728328546117
   0.400000000000000    0.300000000000000    1.565241638838769
   0.400000000000000    0.400000000000000    1.951653995157625
   0.400000000000000    0.500000000000000    1.687948052830299
   0.400000000000000    0.600000000000000    1.973530455271527
   0.400000000000000    0.700000000000000    1.572669440210292
   0.400000000000000    0.800000000000000   -0.041579772329418
   0.400000000000000    0.900000000000000   -1.657027274289802
   0.400000000000000    1.000000000000000   -1.852208817257115
   0.400000000000000    1.100000000000000   -0.398254741129063
   0.400000000000000    1.200000000000000    1.410639410363482
   0.400000000000000    1.300000000000000    1.957631064108660
   0.400000000000000    1.400000000000000    0.705067569195390
   0.400000000000000    1.500000000000000   -1.171226745490014
   0.400000000000000    1.600000000000000   -1.991799784299421
   0.400000000000000    1.700000000000000   -0.996497346382846
   0.400000000000000    1.800000000000000    0.909743421112533
   0.400000000000000    1.900000000000000    1.959632505187824
   0.400000000000000    2.000000000000000    1.361993397354851
   0.500000000000000    0.000000000000000   -1.937823214298007
   0.500000000000000    0.100000000000000   -1.484152802287648
   0.500000000000000    0.200000000000000    0.280204850095670
   0.500000000000000    0.300000000000000    1.813437396982241
   0.500000000000000    0.400000000000000    1.638416958519169
   0.500000000000000    0.500000000000000    0.676482143776624
   0.500000000000000    0.600000000000000    1.659135141652469
   0.500000000000000    0.700000000000000    1.821726945814129
   0.500000000000000    0.800000000000000    0.281128645490208
   0.500000000000000    0.900000000000000   -1.513070703956223
   0.500000000000000    1.000000000000000   -1.915843852916693
   0.500000000000000    1.100000000000000   -0.542392055180632
   0.500000000000000    1.200000000000000    1.311524857180378
   0.500000000000000    1.300000000000000    1.963974102873412
   0.500000000000000    1.400000000000000    0.811583992223778
   0.500000000000000    1.500000000000000   -1.088462296381091
   0.500000000000000    1.600000000000000   -1.988734857863518
   0.500000000000000    1.700000000000000   -1.068646902019884
   0.500000000000000    1.800000000000000    0.835957678842119
   0.500000000000000    1.900000000000000    1.976962466322306
   0.500000000000000    2.000000000000000    1.467448649373684
   0.600000000000000    0.000000000000000   -1.878551855223321
   0.600000000000000    0.100000000000000   -1.661130912228808
   0.600000000000000    0.200000000000000   -0.043269555338934
   0.600000000000000    0.300000000000000    1.566187927478959
   0.600000000000000    0.400000000000000    1.974751134762484
   0.600000000000000    0.500000000000000    1.672859033340384
   0.600000000000000    0.600000000000000    1.971893809015183
   0.600000000000000    0.700000000000000    1.550656158306380
   0.600000000000000    0.800000000000000   -0.044016623132719
   0.600000000000000    0.900000000000000   -1.662614611477488
   0.600000000000000    1.000000000000000   -1.846898845238561
   0.600000000000000    1.100000000000000   -0.395901686303404
   0.600000000000000    1.200000000000000    1.412365030539017
   0.600000000000000    1.300000000000000    1.928032254984135
   0.600000000000000    1.400000000000000    0.725213187617317
   0.600000000000000    1.500000000000000   -1.163722498731274
   0.600000000000000    1.600000000000000   -1.995874186768017
   0.600000000000000    1.700000000000000   -0.997543103971526
   0.600000000000000    1.800000000000000    0.905983469620775
   0.600000000000000    1.900000000000000    1.977807911455310
   0.600000000000000    2.000000000000000    1.326672489442387
   0.700000000000000    0.000000000000000   -1.662607976487959
   0.700000000000000    0.100000000000000   -1.930304549050074
   0.700000000000000    0.200000000000000   -0.895723028823308
   0.700000000000000    0.300000000000000    0.610839033061248
   0.700000000000000    0.400000000000000    1.573086558946033
   0.700000000000000    0.500000000000000    1.789384317827388
   0.700000000000000    0.600000000000000    1.573180931615976
   0.700000000000000    0.700000000000000    0.612875557827260
   0.700000000000000    0.800000000000000   -0.893490950495257
   0.700000000000000    0.900000000000000   -1.939298648499389
   0.700000000000000    1.000000000000000   -1.560672368454568
   0.700000000000000    1.100000000000000    0.089081713762788
   0.700000000000000    1.200000000000000    1.676321755773119
   0.700000000000000    1.300000000000000    1.848675641998695
   0.700000000000000    1.400000000000000    0.407777864459549
   0.700000000000000    1.500000000000000   -1.395719547932719
   0.700000000000000    1.600000000000000   -1.960953103222310
   0.700000000000000    1.700000000000000   -0.780995394491109
   0.700000000000000    1.800000000000000    1.104613060235899
   0.700000000000000    1.900000000000000    1.993839633632724
   0.700000000000000    2.000000000000000    1.157723850943031
   0.800000000000000    0.000000000000000   -0.978521332557932
   0.800000000000000    0.100000000000000   -1.903611672099761
   0.800000000000000    0.200000000000000   -1.730358819065391
   0.800000000000000    0.300000000000000   -0.892907574192221
   0.800000000000000    0.400000000000000   -0.047496901768840
   0.800000000000000    0.500000000000000    0.282499813752637
   0.800000000000000    0.600000000000000   -0.049300335741395
   0.800000000000000    0.700000000000000   -0.896605159086240
   0.800000000000000    0.800000000000000   -1.777283473823470
   0.800000000000000    0.900000000000000   -1.914315029900775
   0.800000000000000    1.000000000000000   -0.872187191603307
   0.800000000000000    1.100000000000000    0.827347732631696
   0.800000000000000    1.200000000000000    1.943001462187343
   0.800000000000000    1.300000000000000    1.542772913470670
   0.800000000000000    1.400000000000000   -0.124570092001010
   0.800000000000000    1.500000000000000   -1.699704077451438
   0.800000000000000    1.600000000000000   -1.828075737247135
   0.800000000000000    1.700000000000000   -0.391995722188493
   0.800000000000000    1.800000000000000    1.401248894881935
   0.800000000000000    1.900000000000000    1.924861165005538
   0.800000000000000    2.000000000000000    0.848901504367893
   0.900000000000000    0.000000000000000    0.054581964716743
   0.900000000000000    0.100000000000000   -1.156208568652739
   0.900000000000000    0.200000000000000   -1.894556313507551
   0.900000000000000    0.300000000000000   -1.942399103738652
   0.900000000000000    0.400000000000000   -1.661430068760504
   0.900000000000000    0.500000000000000   -1.509617709366121
   0.900000000000000    0.600000000000000   -1.662244375559840
   0.900000000000000    0.700000000000000   -1.938002071270949
   0.900000000000000    0.800000000000000   -1.909778470662888
   0.900000000000000    0.900000000000000   -1.172060769982706
   0.900000000000000    1.000000000000000    0.242359263343095
   0.900000000000000    1.100000000000000    1.592674556922670
   0.900000000000000    1.200000000000000    1.936826985484237
   0.900000000000000    1.300000000000000    0.924197832756974
   0.900000000000000    1.400000000000000   -0.821704637107166
   0.900000000000000    1.500000000000000   -1.945455104765488
   0.900000000000000    1.600000000000000   -1.475969798817611
   0.900000000000000    1.700000000000000    0.169909453308683
   0.900000000000000    1.800000000000000    1.715765264831417
   0.900000000000000    1.900000000000000    1.825723503510870
   0.900000000000000    2.000000000000000    0.383360305170869
   1.000000000000000    0.000000000000000    1.400976366532949
   1.000000000000000    0.100000000000000    0.239174017024930
   1.000000000000000    0.200000000000000   -0.869987837229306
   1.000000000000000    0.300000000000000   -1.563543238855206
   1.000000000000000    0.400000000000000   -1.843116681419892
   1.000000000000000    0.500000000000000   -1.914621943756160
   1.000000000000000    0.600000000000000   -1.840331168263639
   1.000000000000000    0.700000000000000   -1.563505956709948
   1.000000000000000    0.800000000000000   -0.871316240473942
   1.000000000000000    0.900000000000000    0.239276001231827
   1.000000000000000    1.000000000000000    1.417222252415265
   1.000000000000000    1.100000000000000    1.997097142387130
   1.000000000000000    1.200000000000000    1.465367092387067
   1.000000000000000    1.300000000000000   -0.018414521272568
   1.000000000000000    1.400000000000000   -1.531736538915486
   1.000000000000000    1.500000000000000   -1.962676026436872
   1.000000000000000    1.600000000000000   -0.896823919890522
   1.000000000000000    1.700000000000000    0.844147813427841
   1.000000000000000    1.800000000000000    1.952089635832006
   1.000000000000000    1.900000000000000    1.490797961171836
   1.000000000000000    2.000000000000000   -0.154239183102803
   1.100000000000000    0.000000000000000    1.948308503151610
   1.100000000000000    0.100000000000000    1.595409305988589
   1.100000000000000    0.200000000000000    0.828154429108981
   1.100000000000000    0.300000000000000    0.082718989917258
   1.100000000000000    0.400000000000000   -0.384420848943941
   1.100000000000000    0.500000000000000   -0.555256350490701
   1.100000000000000    0.600000000000000   -0.384823546159772
   1.100000000000000    0.700000000000000    0.091391443427144
   1.100000000000000    0.800000000000000    0.830132629956252
   1.100000000000000    0.900000000000000    1.601701969657779
   1.100000000000000    1.000000000000000    1.992936140912824
   1.100000000000000    1.100000000000000    1.598669164076861
   1.100000000000000    1.200000000000000    0.406495812188077
   1.100000000000000    1.300000000000000   -1.086493857914841
   1.100000000000000    1.400000000000000   -1.965133555325253
   1.100000000000000    1.500000000000000   -1.568994689967685
   1.100000000000000    1.600000000000000   -0.071005530649240
   1.100000000000000    1.700000000000000    1.486949044150148
   1.100000000000000    1.800000000000000    1.953912484723946
   1.100000000000000    1.900000000000000    0.923437159386868
   1.100000000000000    2.000000000000000   -0.745341703504092
   1.200000000000000    0.000000000000000    1.481170889873434
   1.200000000000000    0.100000000000000    1.947878834604056
   1.200000000000000    0.200000000000000    1.926910355035383
   1.200000000000000    0.300000000000000    1.681317689762479
   1.200000000000000    0.400000000000000    1.411182176926979
   1.200000000000000    0.500000000000000    1.313854862796367
   1.200000000000000    0.600000000000000    1.417621507479521
   1.200000000000000    0.700000000000000    1.679204932116890
   1.200000000000000    0.800000000000000    1.905218422893617
   1.200000000000000    0.900000000000000    1.936357234279823
   1.200000000000000    1.000000000000000    1.462124929535828
   1.200000000000000    1.100000000000000    0.404910416254512
   1.200000000000000    1.200000000000000   -0.914150058251096
   1.200000000000000    1.300000000000000   -1.866692624563663
   1.200000000000000    1.400000000000000   -1.835572583357536
   1.200000000000000    1.500000000000000   -0.703991748361303
   1.200000000000000    1.600000000000000    0.904828540705388
   1.200000000000000    1.700000000000000    1.935981396027069
   1.200000000000000    1.800000000000000    1.614440778834955
   1.200000000000000    1.900000000000000    0.110941419540428
   1.200000000000000    2.000000000000000   -1.379589995802123
   1.300000000000000    0.000000000000000    0.055157141949042
   1.300000000000000    0.100000000000000    0.898345484769672
   1.300000000000000    0.200000000000000    1.540164861920636
   1.300000000000000    0.300000000000000    1.798570675272281
   1.300000000000000    0.400000000000000    1.892955274589883
   1.300000000000000    0.500000000000000    1.979102739052228
   1.300000000000000    0.600000000000000    1.946795427523325
   1.300000000000000    0.700000000000000    1.837059683511206
   1.300000000000000    0.800000000000000    1.490476715519639
   1.300000000000000    0.900000000000000    0.920161577129721
   1.300000000000000    1.000000000000000   -0.022329891441997
   1.300000000000000    1.100000000000000   -1.088468945348979
   1.300000000000000    1.200000000000000   -1.857483629176616
   1.300000000000000    1.300000000000000   -1.897471036889360
   1.300000000000000    1.400000000000000   -1.002012634700568
   1.300000000000000    1.500000000000000    0.468507798364667
   1.300000000000000    1.600000000000000    1.714717140756947
   1.300000000000000    1.700000000000000    1.913102112798640
   1.300000000000000    1.800000000000000    0.856030834352227
   1.300000000000000    1.900000000000000   -0.813110451054383
   1.300000000000000    2.000000000000000   -1.929108867755074
   1.400000000000000    0.000000000000000   -1.366078038532925
   1.400000000000000    0.100000000000000   -0.850646786215771
   1.400000000000000    0.200000000000000   -0.124388796535884
   1.400000000000000    0.300000000000000    0.379874884967057
   1.400000000000000    0.400000000000000    0.684731736058832
   1.400000000000000    0.500000000000000    0.827987923867955
   1.400000000000000    0.600000000000000    0.721343040300619
   1.400000000000000    0.700000000000000    0.407549464337499
   1.400000000000000    0.800000000000000   -0.126384228188309
   1.400000000000000    0.900000000000000   -0.817982974711933
   1.400000000000000    1.000000000000000   -1.515831650510193
   1.400000000000000    1.100000000000000   -1.956084599756152
   1.400000000000000    1.200000000000000   -1.834119191864204
   1.400000000000000    1.300000000000000   -0.995842947691183
   1.400000000000000    1.400000000000000    0.320933917437412
   1.400000000000000    1.500000000000000    1.531493965837770
   1.400000000000000    1.600000000000000    1.994980999804395
   1.400000000000000    1.700000000000000    1.298860464302671
   1.400000000000000    1.800000000000000   -0.207727654118140
   1.400000000000000    1.900000000000000   -1.609506692773214
   1.400000000000000    2.000000000000000   -2.016419060910636
   1.500000000000000    0.000000000000000   -1.907475638643535
   1.500000000000000    0.100000000000000   -1.955061661735855
   1.500000000000000    0.200000000000000   -1.681298478273296
   1.500000000000000    0.300000000000000   -1.355091896503168
   1.500000000000000    0.400000000000000   -1.166314573670662
   1.500000000000000    0.500000000000000   -1.088028889128864
   1.500000000000000    0.600000000000000   -1.168158368174954
   1.500000000000000    0.700000000000000   -1.376406441663285
   1.500000000000000    0.800000000000000   -1.699224507179590
   1.500000000000000    0.900000000000000   -1.948007488371134
   1.500000000000000    1.000000000000000   -1.952690451271976
   1.500000000000000    1.100000000000000   -1.549407290208608
   1.500000000000000    1.200000000000000   -0.695025168609711
   1.500000000000000    1.300000000000000    0.474316112164239
   1.500000000000000    1.400000000000000    1.550207047852730
   1.500000000000000    1.500000000000000    1.990342864528851
   1.500000000000000    1.600000000000000    1.486432079382955
   1.500000000000000    1.700000000000000    0.174391987072659
   1.500000000000000    1.800000000000000   -1.277258086778710
   1.500000000000000    1.900000000000000   -1.990806544860023
   1.500000000000000    2.000000000000000   -1.576985007077420
   1.600000000000000    0.000000000000000   -1.014273378670063
   1.600000000000000    0.100000000000000   -1.494325676298817
   1.600000000000000    0.200000000000000   -1.834366810728937
   1.600000000000000    0.300000000000000   -1.956744092959492
   1.600000000000000    0.400000000000000   -1.995748424749715
   1.600000000000000    0.500000000000000   -1.999678818557652
   1.600000000000000    0.600000000000000   -1.997259282879697
   1.600000000000000    0.700000000000000   -1.961981875636303
   1.600000000000000    0.800000000000000   -1.808747401787510
   1.600000000000000    0.900000000000000   -1.517804443354153
   1.600000000000000    1.000000000000000   -0.929734977553894
   1.600000000000000    1.100000000000000   -0.073368995581619
   1.600000000000000    1.200000000000000    0.908427131740817
   1.600000000000000    1.300000000000000    1.692728862863176
   1.600000000000000    1.400000000000000    1.967450896258714
   1.600000000000000    1.500000000000000    1.489354622051071
   1.600000000000000    1.600000000000000    0.298865358058043
   1.600000000000000    1.700000000000000   -1.078899386059200
   1.600000000000000    1.800000000000000   -1.927274695385869
   1.600000000000000    1.900000000000000   -1.642194590364778
   1.600000000000000    2.000000000000000   -0.651492457941339
   1.700000000000000    0.000000000000000    0.673016641590388
   1.700000000000000    0.100000000000000    0.200158781259230
   1.700000000000000    0.200000000000000   -0.390149328942587
   1.700000000000000    0.300000000000000   -0.775246208171817
   1.700000000000000    0.400000000000000   -1.001972074216212
   1.700000000000000    0.500000000000000   -1.072196408354682
   1.700000000000000    0.600000000000000   -1.001497625972368
   1.700000000000000    0.700000000000000   -0.780046592946708
   1.700000000000000    0.800000000000000   -0.385267810983936
   1.700000000000000    0.900000000000000    0.165249075866335
   1.700000000000000    1.000000000000000    0.839279366927393
   1.700000000000000    1.100000000000000    1.490746117289404
   1.700000000000000    1.200000000000000    1.937934427517455
   1.700000000000000    1.300000000000000    1.915578685783545
   1.700000000000000    1.400000000000000    1.301784234320931
   1.700000000000000    1.500000000000000    0.171489356494539
   1.700000000000000    1.600000000000000   -1.076698034094069
   1.700000000000000    1.700000000000000   -1.902860564342591
   1.700000000000000    1.800000000000000   -1.786425035136034
   1.700000000000000    1.900000000000000   -0.741295883732122
   1.700000000000000    2.000000000000000    0.444781276222043
   1.800000000000000    0.000000000000000    1.793743294083786
   1.800000000000000    0.100000000000000    1.719267054408321
   1.800000000000000    0.200000000000000    1.396769267192653
   1.800000000000000    0.300000000000000    1.106367556731711
   1.800000000000000    0.400000000000000    0.908013361953175
   1.800000000000000    0.500000000000000    0.840595181285742
   1.800000000000000    0.600000000000000    0.908560479249532
   1.800000000000000    0.700000000000000    1.104630711852595
   1.800000000000000    0.800000000000000    1.388569604474621
   1.800000000000000    0.900000000000000    1.718507317340014
   1.800000000000000    1.000000000000000    1.942950956910338
   1.800000000000000    1.100000000000000    1.965198415569781
   1.800000000000000    1.200000000000000    1.617556878167954
   1.800000000000000    1.300000000000000    0.853267915179441
   1.800000000000000    1.400000000000000   -0.206591711411739
   1.800000000000000    1.500000000000000   -1.274171061474198
   1.800000000000000    1.600000000000000   -1.940239347676433
   1.800000000000000    1.700000000000000   -1.794331003678395
   1.800000000000000    1.800000000000000   -0.883277383308684
   1.800000000000000    1.900000000000000    0.496022978374153
   1.800000000000000    2.000000000000000    1.510787880530284
   1.900000000000000    0.000000000000000    1.470998822473377
   1.900000000000000    0.100000000000000    1.820270730950904
   1.900000000000000    0.200000000000000    1.954282869427616
   1.900000000000000    0.300000000000000    1.990120946021763
   1.900000000000000    0.400000000000000    1.991451462015938
   1.900000000000000    0.500000000000000    1.982845033224980
   1.900000000000000    0.600000000000000    1.948343450771366
   1.900000000000000    0.700000000000000    1.997242003696427
   1.900000000000000    0.800000000000000    1.929419173928758
   1.900000000000000    0.900000000000000    1.813146438251198
   1.900000000000000    1.000000000000000    1.486297697578223
   1.900000000000000    1.100000000000000    0.916146138938439
   1.900000000000000    1.200000000000000    0.108869257411611
   1.900000000000000    1.300000000000000   -0.802390945085497
   1.900000000000000    1.400000000000000   -1.603589789068259
   1.900000000000000    1.500000000000000   -1.993903300297895
   1.900000000000000    1.600000000000000   -1.708321090947424
   1.900000000000000    1.700000000000000   -0.793217895330267
   1.900000000000000    1.800000000000000    0.510070954873633
   1.900000000000000    1.900000000000000    1.609322428371236
   1.900000000000000    2.000000000000000    1.987175420224074
   2.000000000000000    0.000000000000000    0.131499892629510
   2.000000000000000    0.100000000000000    0.531591954796215
   2.000000000000000    0.200000000000000    0.942956990432605
   2.000000000000000    0.300000000000000    1.288407914743305
   2.000000000000000    0.400000000000000    1.315325596620170
   2.000000000000000    0.500000000000000    1.480407446954653
   2.000000000000000    0.600000000000000    1.451878339134625
   2.000000000000000    0.700000000000000    1.213576835681073
   2.000000000000000    0.800000000000000    0.983912430088540
   2.000000000000000    0.900000000000000    0.545645242362411
   2.000000000000000    1.000000000000000   -0.172315751291716
   2.000000000000000    1.100000000000000   -0.830894731479645
   2.000000000000000    1.200000000000000   -1.474806073885055
   2.000000000000000    1.300000000000000   -1.909964328411561
   2.000000000000000    1.400000000000000   -2.031610475353133
   2.000000000000000    1.500000000000000   -1.581279207860377
   2.000000000000000    1.600000000000000   -0.537429820592207
   2.000000000000000    1.700000000000000    0.589026232490968
   2.000000000000000    1.800000000000000    1.569226915907132
   2.000000000000000    1.900000000000000    2.185225987540124
   2.000000000000000    2.000000000000000    2.390890914386624
